K8 Sn4 H8 O4 F24
1.0
0.000000 6.776117 8.997119
6.232246 0.000000 8.997119
6.232246 6.776117 0.000000
K Sn H O F
8 4 8 4 24
direct
0.123541 0.123541 0.876459 K
0.876459 0.876459 0.123541 K
0.126459 0.126459 0.373541 K
0.373541 0.373541 0.126459 K
0.286284 0.713716 0.713716 K
0.713716 0.286284 0.286284 K
0.963716 0.536284 0.536284 K
0.536284 0.963716 0.963716 K
0.781327 0.218673 0.781327 Sn
0.218673 0.781327 0.218673 Sn
0.468673 0.031327 0.468673 Sn
0.031327 0.468673 0.031327 Sn
0.630285 0.516050 0.485783 H
0.367882 0.485783 0.516050 H
0.485783 0.367882 0.630285 H
0.516050 0.630285 0.367882 H
0.619715 0.733950 0.764217 H
0.882118 0.764217 0.733950 H
0.764217 0.882118 0.619715 H
0.733950 0.619715 0.882118 H
0.605314 0.605314 0.394686 O
0.394686 0.394686 0.605314 O
0.644686 0.644686 0.855314 O
0.855314 0.855314 0.644686 O
0.658797 0.120598 0.922155 F
0.298450 0.922155 0.120598 F
0.922155 0.298450 0.658797 F
0.120598 0.658797 0.298450 F
0.591203 0.129402 0.327845 F
0.951550 0.327845 0.129402 F
0.327845 0.951550 0.591203 F
0.129402 0.591203 0.951550 F
0.562568 0.435832 0.785802 F
0.215798 0.785802 0.435832 F
0.785802 0.215798 0.562568 F
0.435832 0.562568 0.215798 F
0.687432 0.814168 0.464198 F
0.034202 0.464198 0.814168 F
0.464198 0.034202 0.687432 F
0.814168 0.687432 0.034202 F
0.788187 0.229079 0.989896 F
0.992838 0.989896 0.229079 F
0.989896 0.992838 0.788187 F
0.229079 0.788187 0.992838 F
0.461813 0.020921 0.260104 F
0.257162 0.260104 0.020921 F
0.260104 0.257162 0.461813 F
0.020921 0.461813 0.257162 F
