Ba1 Nb2 Xe5 F22
1.0
0.000000 7.066011 7.195161
6.231503 0.000000 7.195161
6.231503 7.066011 0.000000
Ba Nb Xe F
1 2 5 22
direct
0.500000 0.500000 0.500000 Ba
0.000000 0.500000 0.000000 Nb
0.500000 0.000000 0.500000 Nb
0.000000 0.000000 0.000000 Xe
0.000000 0.000000 0.500000 Xe
0.500000 0.500000 0.000000 Xe
0.000000 0.500000 0.500000 Xe
0.500000 0.000000 0.000000 Xe
0.146312 0.853688 0.146312 F
0.853688 0.146312 0.853688 F
0.199430 0.800570 0.572231 F
0.427769 0.572231 0.800570 F
0.572231 0.427769 0.199430 F
0.800570 0.199430 0.427769 F
0.803375 0.443292 0.556708 F
0.196625 0.556708 0.443292 F
0.556708 0.196625 0.803375 F
0.443292 0.803375 0.196625 F
0.207102 0.454801 0.792898 F
0.545199 0.792898 0.454801 F
0.792898 0.545199 0.207102 F
0.454801 0.207102 0.545199 F
0.912499 0.739132 0.893711 F
0.454658 0.893711 0.739132 F
0.893711 0.454658 0.912499 F
0.739132 0.912499 0.454658 F
0.087501 0.260868 0.106289 F
0.545342 0.106289 0.260868 F
0.106289 0.545342 0.087501 F
0.260868 0.087501 0.545342 F
