Ag8 P8 H8 O28
1.0
0.000000 6.232233 14.055697
3.576865 0.000000 14.055697
3.576865 6.232233 0.000000
Ag P H O
8 8 8 28
direct
0.806080 0.292862 0.408230 Ag
0.292862 0.806080 0.492828 Ag
0.408230 0.492828 0.806080 Ag
0.492828 0.408230 0.292862 Ag
0.443920 0.957138 0.841770 Ag
0.957138 0.443920 0.757172 Ag
0.841770 0.757172 0.443920 Ag
0.757172 0.841770 0.957138 Ag
0.770534 0.373926 0.941251 P
0.373926 0.770534 0.914289 P
0.941251 0.914289 0.770534 P
0.914289 0.941251 0.373926 P
0.479466 0.876074 0.308749 P
0.876074 0.479466 0.335711 P
0.308749 0.335711 0.479466 P
0.335711 0.308749 0.876074 P
0.136466 0.136466 0.363534 H
0.363534 0.363534 0.136466 H
0.113534 0.113534 0.886466 H
0.886466 0.886466 0.113534 H
0.427570 0.072430 0.427570 H
0.072430 0.427570 0.072430 H
0.822430 0.177570 0.822430 H
0.177570 0.822430 0.177570 H
0.596345 0.596345 0.903655 O
0.903655 0.903655 0.596345 O
0.653655 0.653655 0.346345 O
0.346345 0.346345 0.653655 O
0.958628 0.308779 0.381234 O
0.308779 0.958628 0.351359 O
0.381234 0.351359 0.958628 O
0.351359 0.381234 0.308779 O
0.291372 0.941221 0.868766 O
0.941221 0.291372 0.898641 O
0.868766 0.898641 0.291372 O
0.898641 0.868766 0.941221 O
0.761287 0.153384 0.878133 O
0.153384 0.761287 0.207196 O
0.878133 0.207196 0.761287 O
0.207196 0.878133 0.153384 O
0.488713 0.096616 0.371867 O
0.096616 0.488713 0.042804 O
0.371867 0.042804 0.488713 O
0.042804 0.371867 0.096616 O
0.505291 0.077016 0.815680 O
0.077016 0.505291 0.602013 O
0.815680 0.602013 0.505291 O
0.602013 0.815680 0.077016 O
0.744709 0.172984 0.434320 O
0.172984 0.744709 0.647987 O
0.434320 0.647987 0.744709 O
0.647987 0.434320 0.172984 O
