Tl4 Mo4 P4 O24
1.0
0.000000 6.412823 7.998560
5.544104 0.000000 7.998560
5.544104 6.412823 0.000000
Tl Mo P O
4 4 4 24
direct
0.667046 0.082954 0.082954 Tl
0.082954 0.667046 0.667046 Tl
0.332954 0.917046 0.917046 Tl
0.917046 0.332954 0.332954 Tl
0.157358 0.592642 0.157358 Mo
0.592642 0.157358 0.592642 Mo
0.842642 0.407358 0.842642 Mo
0.407358 0.842642 0.407358 Mo
0.506750 0.506750 0.243250 P
0.243250 0.243250 0.506750 P
0.493250 0.493250 0.756750 P
0.756750 0.756750 0.493250 P
0.306992 0.602343 0.275818 O
0.314846 0.275818 0.602343 O
0.275818 0.314846 0.306992 O
0.602343 0.306992 0.314846 O
0.693008 0.397657 0.724182 O
0.685154 0.724182 0.397657 O
0.724182 0.685154 0.693008 O
0.397657 0.693008 0.685154 O
0.964871 0.668558 0.397987 O
0.468584 0.397987 0.668558 O
0.397987 0.468584 0.964871 O
0.668558 0.964871 0.468584 O
0.192384 0.909635 0.451052 O
0.946929 0.451052 0.909635 O
0.451052 0.946929 0.192384 O
0.909635 0.192384 0.946929 O
0.807616 0.090365 0.548948 O
0.053071 0.548948 0.090365 O
0.548948 0.053071 0.807616 O
0.090365 0.807616 0.053071 O
0.331442 0.035129 0.531416 O
0.602013 0.531416 0.035129 O
0.531416 0.602013 0.331442 O
0.035129 0.331442 0.602013 O
