Bi24 Rh6 Cl4
1.0
0.000000 8.391562 16.085799
3.685326 0.000000 16.085799
3.685326 8.391562 0.000000
Bi Rh Cl
24 6 4
direct
0.801818 0.303283 0.453312 Bi
0.441587 0.453312 0.303283 Bi
0.453312 0.441587 0.801818 Bi
0.303283 0.801818 0.441587 Bi
0.448182 0.946717 0.796688 Bi
0.808413 0.796688 0.946717 Bi
0.796688 0.808413 0.448182 Bi
0.946717 0.448182 0.808413 Bi
0.320738 0.784906 0.786117 Bi
0.108239 0.786117 0.784906 Bi
0.786117 0.108239 0.320738 Bi
0.784906 0.320738 0.108239 Bi
0.929262 0.465094 0.463883 Bi
0.141761 0.463883 0.465094 Bi
0.463883 0.141761 0.929262 Bi
0.465094 0.929262 0.141761 Bi
0.856720 0.366974 0.720639 Bi
0.055667 0.720639 0.366974 Bi
0.720639 0.055667 0.856720 Bi
0.366974 0.856720 0.055667 Bi
0.393280 0.883026 0.529361 Bi
0.194333 0.529361 0.883026 Bi
0.529361 0.194333 0.393280 Bi
0.883026 0.393280 0.194333 Bi
0.625000 0.625000 0.625000 Rh
0.125000 0.625000 0.625000 Rh
0.625000 0.125000 0.625000 Rh
0.625000 0.625000 0.125000 Rh
0.500000 0.500000 0.500000 Rh
0.750000 0.750000 0.750000 Rh
0.790711 0.209289 0.790711 Cl
0.209289 0.790711 0.209289 Cl
0.459289 0.040711 0.459289 Cl
0.040711 0.459289 0.040711 Cl
