Na8 P8 H8 O28
1.0
0.000000 6.212397 13.893485
3.467374 0.000000 13.893485
3.467374 6.212397 0.000000
Na P H O
8 8 8 28
direct
0.910104 0.991054 0.308293 Na
0.991054 0.910104 0.790549 Na
0.308293 0.790549 0.910104 Na
0.790549 0.308293 0.991054 Na
0.339896 0.258946 0.941707 Na
0.258946 0.339896 0.459451 Na
0.941707 0.459451 0.339896 Na
0.459451 0.941707 0.258946 Na
0.411644 0.445567 0.873022 P
0.445567 0.411644 0.269766 P
0.873022 0.269766 0.411644 P
0.269766 0.873022 0.445567 P
0.838356 0.804433 0.376978 P
0.804433 0.838356 0.980234 P
0.376978 0.980234 0.838356 P
0.980234 0.376978 0.804433 P
0.385491 0.385491 0.614509 H
0.614509 0.614509 0.385491 H
0.864509 0.864509 0.635491 H
0.635491 0.635491 0.864509 H
0.676322 0.323678 0.676322 H
0.323678 0.676322 0.323678 H
0.573678 0.926322 0.573678 H
0.926322 0.573678 0.926322 H
0.362936 0.403472 0.796139 O
0.403472 0.362936 0.437453 O
0.796139 0.437453 0.362936 O
0.437453 0.796139 0.403472 O
0.887064 0.846528 0.453861 O
0.846528 0.887064 0.812547 O
0.453861 0.812547 0.887064 O
0.812547 0.453861 0.846528 O
0.658466 0.256077 0.697094 O
0.256077 0.658466 0.388364 O
0.697094 0.388364 0.658466 O
0.388364 0.697094 0.256077 O
0.591534 0.993923 0.552906 O
0.993923 0.591534 0.861636 O
0.552906 0.861636 0.591534 O
0.861636 0.552906 0.993923 O
0.240869 0.679634 0.935647 O
0.679634 0.240869 0.143849 O
0.935647 0.143849 0.240869 O
0.143849 0.935647 0.679634 O
0.009131 0.570366 0.314353 O
0.570366 0.009131 0.106151 O
0.314353 0.106151 0.009131 O
0.106151 0.314353 0.570366 O
0.404222 0.404222 0.095778 O
0.095778 0.095778 0.404222 O
0.845778 0.845778 0.154222 O
0.154222 0.154222 0.845778 O
