0.0031582504532698366,0.0017148802597912252,0.002185560577329309,0.003767339557868884,0.00725551743155539,0.015153931597046113,0.02387176227908844,0.0449384312059033,0.06766082791348417,0.09646169413933013,0.12590853350929995,0.14979879359851414,0.16567054327790487,0.1783166445181482,0.18214007764821477,0.18582152823208273,0.21212238028445898,0.2474391028889996,0.3159081541280099,0.41424552768327655,0.5156645315443578,0.6138125977750069,0.7065931577203058,0.7457521506906064,0.7787287784314162,0.785226637263421,0.7764565124770109,0.7534953121329971,0.705580590399484,0.6515726489949395,0.5584720703388106,0.4650454396191855,0.3670265468809933,0.2699996083112045,0.19355611214117682,0.14015628687280615,0.10034863761358294,0.09072742116047196,0.08136006130087206,0.08942266634803042,0.10012808779475721,0.18999999999999995,0,24,2.5041913891465333, 
0.0031582504532698366,0.005483178766037116,0.00904946472187487,0.014228743363723735,0.0020752763007670155,0.0023256789184383122,0.0047898125417570325,0.008283335072281451,0.015730282110835523,0.028962227566709013,0.044326597344493464,0.07222706092262718,0.10068543864686029,0.12776935374090975,0.15416609245264917,0.1684330547870036,0.17669624985470841,0.18417535542217053,0.1918187571061693,0.2083023572683175,0.2609408986992343,0.31684911277214123,0.423807588226298,0.5350849311541549,0.626230648695543,0.7054811966717456,0.758181179785648,0.7804638859011626,0.7936371161527346,0.7771257560883581,0.7592114607741424,0.7039146483620502,0.6450117359342952,0.5575329287902308,0.45683741412654594,0.3586442040462051,0.26520211095770907,0.18298442756491679,0.13730932215379668,0.09291934481201121,0.08368651919004925,0.18999999999999995,0,33,2.5022307183875605, 
0.01117321274109916,0.011416825271248933,0.008185360084918282,0.005377829002590996,0.003006063722413537,0.0015610920558167493,0.0024723696818922244,0.0034256689641600645,0.008804460576820437,0.016019937771854405,0.03047679778370404,0.05081758793217241,0.0740237570169335,0.10339241041560089,0.13244964249134042,0.1525993109668255,0.17083044576101497,0.17905993248983418,0.18303661600811721,0.1942903612938953,0.2200578235783222,0.25403450756188584,0.34278657575959676,0.43604081007753354,0.5382253195996077,0.6395505837106946,0.7128076089098474,0.7571240994866012,0.7900441938367597,0.7874509517319398,0.7814869995727419,0.7430653418781692,0.6990172580945149,0.6285612283057828,0.5400425568709527,0.4445483654613503,0.34239084230013483,0.24441125309948827,0.18532325042078623,0.12854314971347341,0.10012808779475721,0.18999999999999995,1,24,2.504191389146533, 
0.01117321274109916,0.006281675205149594,0.0015936534963655084,0.0019526775602278774,0.0023934252765070376,0.0057561713193451615,0.01006743318574309,0.02013765142411922,0.03539158143709552,0.054332257669068164,0.0822116701990092,0.11069115997610528,0.13653203748720302,0.16161691391908709,0.17271124400183172,0.1799779169192573,0.1880714077142121,0.1980600059505783,0.2229274705988434,0.2814460124435189,0.34624421300143476,0.45702787840136583,0.5689891018288966,0.6505865642154485,0.7234445059997021,0.7651687653407832,0.7838671701504423,0.78946621720355,0.7702841571031717,0.7465022589465649,0.6866628173828697,0.6246080675753235,0.5300568359235508,0.42759041104405154,0.3321011860850663,0.24417091258804163,0.17397389347351885,0.13400057322207307,0.0984718496540429,0.09099928842649459,0.08368651919004931,0.18999999999999995,1,34,2.5022307183875596, 
0.007656784847276929,0.006231494968256228,0.0037674620067485237,0.002229115116535774,0.002942885693702222,0.004538946513857763,0.010386242512483894,0.016400977977240085,0.032523468487778,0.05056861388671009,0.07427796882132555,0.10237980289138547,0.13006827829418294,0.15155724721259414,0.17177605399836615,0.17597679609538888,0.17941861244268656,0.18998847933264948,0.20625469646229402,0.2450044010343432,0.3191753079188874,0.401049353076487,0.5089424758714881,0.6166996815987645,0.6874571915091272,0.7447754490369787,0.7741287709389427,0.7798917497606526,0.776840321811745,0.7460839313240033,0.7126208450142906,0.6448205461545449,0.5693551767246785,0.4778288597615274,0.3788023664660098,0.2885320163356803,0.2194037888930748,0.15339670032353186,0.12593945716281446,0.10152444910721961,0.10012808779475721,0.18999999999999995,2,24,2.5041913891465337, 
0.007656784847276929,0.008310424611750479,0.0075683229313017785,0.0037284377628762698,0.0020156920616943193,0.0028650985511681237,0.004656894058584667,0.009469406834815964,0.017356836381213818,0.029193482485828665,0.04991822745910647,0.0724179216600025,0.10195861281923403,0.13070516451148523,0.15164410396353167,0.16904261056754283,0.17804320076245203,0.18048328340112224,0.18757186637908158,0.2078192123957973,0.23352176443430936,0.3126585811412754,0.3942937917784714,0.4970536283523516,0.602739701231621,0.6786857086669593,0.731627041948677,0.7677569333660479,0.7724394798274385,0.7716266101166785,0.7381631883074936,0.7036124318600141,0.636051181779366,0.5622738579963665,0.47411970442685664,0.3783008346544398,0.292126899761345,0.22199157481311407,0.1588194223296633,0.13015152002106853,0.1095141909404196,0.18999999999999995,2,35,2.5022307183875605, 
0.01117321274109916,0.011416825271248933,0.00818536008491828,0.005377829002590996,0.003006063722413537,0.0015610920558167495,0.0024723696818922244,0.003425668964160065,0.008804460576820437,0.016019937771854405,0.03047679778370404,0.05081758793217241,0.0740237570169335,0.10339241041560089,0.13244964249134042,0.1525993109668255,0.17083044576101497,0.17905993248983418,0.18303661600811724,0.1942903612938953,0.2200578235783222,0.2540345075618858,0.34278657575959676,0.43604081007753354,0.5382253195996077,0.6395505837106946,0.7128076089098473,0.7571240994866012,0.7900441938367598,0.7874509517319398,0.7814869995727419,0.7430653418781692,0.6990172580945149,0.6285612283057828,0.5400425568709527,0.4445483654613503,0.3423908423001348,0.24441125309948827,0.1853232504207862,0.1285431497134733,0.10012808779475721,0.18999999999999995,3,25,2.504191389146533, 
0.01117321274109916,0.006281675205149595,0.0015936534963655082,0.0019526775602278774,0.002393425276507037,0.0057561713193451615,0.010067433185743092,0.02013765142411922,0.03539158143709552,0.05433225766906815,0.08221167019900918,0.11069115997610528,0.13653203748720302,0.1616169139190871,0.1727112440018317,0.1799779169192573,0.18807140771421219,0.1980600059505783,0.22292747059884338,0.2814460124435189,0.34624421300143476,0.45702787840136583,0.5689891018288966,0.6505865642154485,0.7234445059997021,0.7651687653407832,0.7838671701504423,0.7894662172035497,0.7702841571031717,0.7465022589465649,0.6866628173828697,0.6246080675753235,0.5300568359235509,0.4275904110440515,0.3321011860850663,0.24417091258804163,0.17397389347351885,0.13400057322207307,0.0984718496540429,0.09099928842649459,0.08368651919004931,0.18999999999999995,3,32,2.5022307183875596, 
0.007656784847276928,0.006231494968256228,0.0037674620067485237,0.0022291151165357743,0.0029428856937022225,0.004538946513857762,0.010386242512483894,0.0164009779772401,0.032523468487778,0.050568613886710086,0.07427796882132556,0.10237980289138547,0.13006827829418294,0.15155724721259414,0.17177605399836615,0.1759767960953888,0.17941861244268656,0.18998847933264948,0.20625469646229405,0.2450044010343432,0.3191753079188874,0.401049353076487,0.5089424758714882,0.6166996815987644,0.6874571915091272,0.7447754490369787,0.7741287709389427,0.7798917497606527,0.776840321811745,0.7460839313240033,0.7126208450142906,0.6448205461545448,0.5693551767246785,0.4778288597615274,0.3788023664660098,0.2885320163356803,0.2194037888930748,0.15339670032353186,0.12593945716281446,0.10152444910721961,0.10012808779475721,0.18999999999999995,4,25,2.5041913891465333, 
0.007656784847276928,0.008310424611750479,0.0075683229313017785,0.0037284377628762698,0.0020156920616943197,0.0028650985511681237,0.004656894058584667,0.009469406834815964,0.017356836381213818,0.029193482485828665,0.04991822745910647,0.0724179216600025,0.10195861281923403,0.13070516451148534,0.15164410396353165,0.16904261056754283,0.17804320076245211,0.18048328340112224,0.18757186637908158,0.2078192123957973,0.23352176443430933,0.3126585811412754,0.39429379177847146,0.4970536283523516,0.602739701231621,0.6786857086669593,0.731627041948677,0.7677569333660479,0.7724394798274385,0.7716266101166787,0.7381631883074936,0.7036124318600142,0.636051181779366,0.5622738579963665,0.47411970442685664,0.3783008346544396,0.292126899761345,0.22199157481311407,0.15881942232966334,0.13015152002106856,0.1095141909404196,0.18999999999999995,4,35,2.5022307183875605, 
0.0031582504532698366,0.0017148802597912248,0.002185560577329309,0.0037673395578688845,0.00725551743155539,0.015153931597046113,0.02387176227908844,0.04493843120590331,0.06766082791348417,0.09646169413933013,0.12590853350929995,0.1497987935985141,0.16567054327790487,0.1783166445181482,0.18214007764821477,0.18582152823208273,0.21212238028445898,0.24743910288899965,0.3159081541280099,0.4142455276832763,0.5156645315443578,0.6138125977750069,0.7065931577203058,0.7457521506906064,0.7787287784314162,0.785226637263421,0.776456512477011,0.753495312132997,0.705580590399484,0.6515726489949395,0.5584720703388106,0.4650454396191855,0.3670265468809931,0.2699996083112045,0.19355611214117682,0.14015628687280615,0.10034863761358294,0.09072742116047196,0.08136006130087206,0.08942266634803042,0.10012808779475721,0.18999999999999995,5,25,2.5041913891465333, 
0.0031582504532698366,0.005483178766037118,0.00904946472187487,0.014228743363723735,0.0020752763007670155,0.0023256789184383122,0.0047898125417570325,0.00828333507228145,0.015730282110835523,0.02896222756670901,0.044326597344493464,0.07222706092262718,0.10068543864686029,0.12776935374090975,0.15416609245264917,0.1684330547870036,0.17669624985470841,0.18417535542217053,0.1918187571061693,0.20830235726831745,0.2609408986992343,0.31684911277214123,0.423807588226298,0.5350849311541549,0.6262306486955429,0.7054811966717452,0.758181179785648,0.7804638859011624,0.7936371161527346,0.7771257560883581,0.7592114607741424,0.7039146483620501,0.6450117359342952,0.5575329287902308,0.45683741412654594,0.3586442040462053,0.26520211095770907,0.18298442756491687,0.13730932215379668,0.09291934481201122,0.0836865191900493,0.18999999999999995,5,34,2.5022307183875605, 
0.007656784847276929,0.006231494968256228,0.0037674620067485237,0.002229115116535774,0.002942885693702222,0.004538946513857763,0.010386242512483896,0.0164009779772401,0.032523468487778,0.05056861388671009,0.07427796882132555,0.10237980289138547,0.13006827829418294,0.15155724721259414,0.17177605399836612,0.17597679609538888,0.17941861244268656,0.18998847933264948,0.20625469646229402,0.2450044010343432,0.3191753079188876,0.40104935307648687,0.5089424758714882,0.6166996815987645,0.6874571915091272,0.7447754490369787,0.7741287709389427,0.7798917497606527,0.776840321811745,0.7460839313240033,0.7126208450142907,0.6448205461545449,0.5693551767246785,0.4778288597615274,0.37880236646600984,0.2885320163356803,0.2194037888930748,0.15339670032353186,0.12593945716281446,0.10152444910721961,0.10012808779475721,0.18999999999999995,6,26,2.5041913891465333, 
0.007656784847276929,0.00831042461175048,0.0075683229313017785,0.0037284377628762698,0.0020156920616943193,0.0028650985511681237,0.0046568940585846675,0.009469406834815964,0.017356836381213804,0.029193482485828665,0.04991822745910647,0.0724179216600025,0.10195861281923403,0.13070516451148534,0.15164410396353165,0.16904261056754283,0.17804320076245203,0.18048328340112224,0.18757186637908158,0.2078192123957973,0.23352176443430933,0.3126585811412754,0.39429379177847146,0.4970536283523517,0.602739701231621,0.6786857086669593,0.731627041948677,0.7677569333660479,0.7724394798274385,0.7716266101166787,0.7381631883074936,0.7036124318600142,0.636051181779366,0.5622738579963665,0.47411970442685664,0.37830083465443975,0.29212689976134504,0.2219915748131141,0.1588194223296633,0.13015152002106856,0.1095141909404196,0.18999999999999995,6,35,2.5022307183875605, 
0.0031582504532698375,0.001714880259791225,0.002185560577329309,0.0037673395578688845,0.00725551743155539,0.015153931597046113,0.02387176227908844,0.0449384312059033,0.06766082791348417,0.09646169413933013,0.12590853350929995,0.1497987935985141,0.16567054327790487,0.1783166445181482,0.18214007764821477,0.18582152823208273,0.21212238028445898,0.2474391028889996,0.3159081541280099,0.4142455276832763,0.5156645315443578,0.6138125977750069,0.7065931577203057,0.7457521506906064,0.7787287784314161,0.785226637263421,0.776456512477011,0.753495312132997,0.7055805903994841,0.6515726489949395,0.5584720703388106,0.4650454396191855,0.3670265468809931,0.2699996083112045,0.19355611214117682,0.14015628687280618,0.10034863761358294,0.09072742116047196,0.08136006130087206,0.08942266634803042,0.10012808779475721,0.18999999999999995,7,26,2.5041913891465333, 
0.0031582504532698375,0.005483178766037116,0.00904946472187487,0.014228743363723735,0.0020752763007670155,0.0023256789184383122,0.004789812541757032,0.00828333507228145,0.015730282110835523,0.02896222756670901,0.044326597344493464,0.07222706092262718,0.10068543864686029,0.12776935374090972,0.15416609245264917,0.1684330547870036,0.1766962498547085,0.18417535542217053,0.1918187571061693,0.20830235726831745,0.2609408986992343,0.31684911277214123,0.42380758822629805,0.5350849311541548,0.6262306486955429,0.7054811966717452,0.758181179785648,0.7804638859011626,0.7936371161527346,0.7771257560883581,0.7592114607741423,0.7039146483620501,0.6450117359342952,0.5575329287902308,0.45683741412654594,0.3586442040462053,0.2652021109577091,0.18298442756491679,0.13730932215379668,0.09291934481201121,0.0836865191900493,0.18999999999999995,7,32,2.5022307183875605, 
0.01117321274109916,0.011416825271248933,0.00818536008491828,0.005377829002590997,0.003006063722413537,0.0015610920558167493,0.0024723696818922244,0.003425668964160065,0.008804460576820437,0.016019937771854405,0.03047679778370404,0.050817587932172406,0.0740237570169335,0.10339241041560084,0.13244964249134042,0.1525993109668255,0.17083044576101505,0.17905993248983426,0.18303661600811721,0.1942903612938953,0.2200578235783222,0.25403450756188584,0.3427865757595967,0.4360408100775334,0.5382253195996077,0.6395505837106946,0.7128076089098473,0.7571240994866012,0.7900441938367597,0.7874509517319398,0.781486999572742,0.7430653418781692,0.6990172580945153,0.6285612283057826,0.5400425568709526,0.4445483654613503,0.34239084230013483,0.2444112530994881,0.1853232504207862,0.1285431497134733,0.10012808779475721,0.18999999999999995,8,26,2.504191389146533, 
0.01117321274109916,0.006281675205149594,0.0015936534963655082,0.0019526775602278774,0.002393425276507037,0.0057561713193451615,0.01006743318574309,0.02013765142411922,0.035391581437095525,0.05433225766906815,0.08221167019900918,0.11069115997610528,0.13653203748720302,0.1616169139190871,0.1727112440018317,0.1799779169192573,0.1880714077142121,0.1980600059505783,0.22292747059884338,0.2814460124435189,0.34624421300143476,0.45702787840136583,0.5689891018288966,0.6505865642154485,0.7234445059997021,0.7651687653407832,0.7838671701504423,0.78946621720355,0.7702841571031717,0.7465022589465649,0.68666281738287,0.6246080675753236,0.5300568359235508,0.42759041104405154,0.3321011860850663,0.2441709125880416,0.17397389347351885,0.13400057322207307,0.0984718496540429,0.09099928842649459,0.08368651919004931,0.18999999999999995,8,33,2.5022307183875596, 
0.020265487903442684,0.011750068946037282,0.006218012896794718,0.0027676887900492516,0.0014821803039007893,0.002639300127204063,0.004202685222765041,0.011238721398793087,0.019109626277393675,0.035959898770726355,0.05704900970469317,0.08192900926744363,0.11251449333553261,0.1407864618784858,0.15873861227596192,0.17446383612760133,0.18032274304418,0.1841524732577377,0.20056022296550077,0.23198745162284737,0.280717170662535,0.37590544375832124,0.475013391614672,0.575810630637828,0.6735997693144445,0.7344702184586287,0.769745444716831,0.7890024783573766,0.7816755638665408,0.7702491854556405,0.7241485285967499,0.6752090057738798,0.5930308418009245,0.499133718178604,0.40171035814450756,0.3027381200727234,0.2134171405919267,0.15871886548959482,0.10696903274167059,0.08823451130378539,0.07927238078812762,0.18999999999999995,9,27,2.504191389146533, 
0.020265487903442684,0.02816403798388261,0.0177723018447071,0.0032621952499569226,0.005235438013670491,0.009051147672441778,0.020227281607118865,0.035559497110487226,0.05651314046161548,0.08505902897440212,0.11320766467926875,0.13869802974462828,0.16359675341778218,0.17263097155686763,0.17995736504077084,0.1886008187771046,0.19902443637937497,0.2303507831098029,0.29034378445524706,0.36223133305373134,0.4737632121641135,0.5855638199339196,0.6629914402083151,0.7357704665903475,0.7711082916326201,0.7894058310998552,0.7902023102339085,0.7703405347319929,0.7405506668616402,0.6772193785333228,0.6119077883127676,0.5098413470379287,0.4052977816026579,0.3112195558499943,0.22257292158336214,0.157445625382886,0.11765468013549851,0.08602288542517525,0.07795845219405685,0.07017659873912431,0.08368651919004931,0.18999999999999995,9,34,2.5022307183875605, 
0.020265487903442684,0.011750068946037287,0.006218012896794718,0.002767688790049252,0.0014821803039007891,0.002639300127204063,0.004202685222765041,0.011238721398793087,0.019109626277393675,0.035959898770726355,0.05704900970469317,0.08192900926744363,0.11251449333553261,0.1407864618784858,0.15873861227596192,0.17446383612760125,0.18032274304418,0.1841524732577377,0.20056022296550077,0.23198745162284737,0.280717170662535,0.37590544375832124,0.475013391614672,0.575810630637828,0.6735997693144445,0.7344702184586287,0.769745444716831,0.7890024783573766,0.7816755638665409,0.7702491854556405,0.7241485285967499,0.6752090057738799,0.5930308418009245,0.4991337181786041,0.4017103581445077,0.3027381200727234,0.2134171405919267,0.15871886548959482,0.1069690327416706,0.08823451130378543,0.07927238078812762,0.18999999999999995,10,27,2.504191389146533, 
0.020265487903442684,0.02816403798388261,0.017772301844707104,0.0032621952499569235,0.005235438013670491,0.009051147672441778,0.020227281607118865,0.03555949711048723,0.05651314046161548,0.08505902897440212,0.11320766467926875,0.13869802974462828,0.16359675341778207,0.17263097155686763,0.17995736504077084,0.1886008187771046,0.19902443637937497,0.23035078310980292,0.29034378445524706,0.36223133305373134,0.47376321216411305,0.5855638199339196,0.6629914402083151,0.7357704665903478,0.7711082916326201,0.7894058310998552,0.7902023102339084,0.7703405347319929,0.7405506668616402,0.6772193785333228,0.6119077883127675,0.5098413470379287,0.40529778160265767,0.3112195558499943,0.22257292158336214,0.157445625382886,0.11765468013549853,0.08602288542517525,0.07795845219405685,0.0701765987391243,0.08368651919004931,0.18999999999999995,10,33,2.5022307183875605, 
0.02026548790344268,0.011750068946037282,0.006218012896794718,0.002767688790049252,0.0014821803039007891,0.002639300127204063,0.004202685222765041,0.011238721398793087,0.019109626277393675,0.035959898770726355,0.05704900970469317,0.08192900926744362,0.11251449333553261,0.1407864618784858,0.15873861227596192,0.17446383612760133,0.18032274304418,0.18415247325773768,0.20056022296550088,0.23198745162284734,0.280717170662535,0.37590544375832124,0.475013391614672,0.575810630637828,0.6735997693144445,0.7344702184586287,0.769745444716831,0.7890024783573766,0.7816755638665409,0.7702491854556405,0.7241485285967498,0.6752090057738799,0.5930308418009245,0.4991337181786041,0.4017103581445077,0.30273812007272316,0.2134171405919267,0.15871886548959485,0.10696903274167059,0.08823451130378543,0.07927238078812762,0.18999999999999995,11,27,2.504191389146533, 
0.02026548790344268,0.02816403798388261,0.017772301844707104,0.0032621952499569226,0.00523543801367049,0.009051147672441778,0.020227281607118865,0.035559497110487226,0.05651314046161548,0.08505902897440212,0.11320766467926875,0.13869802974462828,0.16359675341778207,0.17263097155686763,0.17995736504077084,0.1886008187771047,0.19902443637937497,0.23035078310980292,0.29034378445524694,0.36223133305373134,0.4737632121641135,0.5855638199339196,0.6629914402083151,0.7357704665903475,0.7711082916326201,0.7894058310998552,0.7902023102339084,0.7703405347319929,0.7405506668616402,0.6772193785333228,0.6119077883127676,0.5098413470379287,0.4052977816026579,0.3112195558499943,0.22257292158336214,0.157445625382886,0.11765468013549853,0.08602288542517525,0.07795845219405685,0.0701765987391243,0.08368651919004931,0.18999999999999995,11,32,2.5022307183875605, 
0.003402218696007431,0.004499732404856079,0.005804573785677942,0.0019109192677914937,0.002368622789187969,0.0030492636514095448,0.00706394848874105,0.011837247336893479,0.023042366727247045,0.03863008538476591,0.05965376026414356,0.08835238640852652,0.11653234101578859,0.14066595901708842,0.16343326550084525,0.17392122390292047,0.18044498833010622,0.18958043030867916,0.2031030187988995,0.22901659698640345,0.2952829489225998,0.3656436510085002,0.4731209368894476,0.5821618535587783,0.6628931735400608,0.7269613813076722,0.7700224611607441,0.782809513850552,0.7898668953703021,0.7645848742457032,0.73678823081344,0.6755583615092221,0.605831536615586,0.5189406610636028,0.41961365766648345,0.3262313417558765,0.24786765939258806,0.17177785990613254,0.13772296297555192,0.10981506815797627,0.10367878971371901,0.18999999999999995,12,28,2.4921094293488237, 
0.003402218696007431,0.002576867584180222,0.002202239369880257,0.0034486924192804916,0.004569564916606316,0.010998876620481835,0.017208190653220858,0.031787021097133224,0.05012865403775045,0.07396645107668434,0.10350712336358403,0.13194015955574478,0.15261016373939196,0.17290324729592893,0.1800650795412107,0.18488903873456822,0.19710019186073074,0.2177542271105088,0.25468872439850776,0.33420575071319764,0.4186358437569497,0.5242925763558698,0.6305471647891475,0.701878799498275,0.7511437070487966,0.7811976634977122,0.7838675618630006,0.7811360903283562,0.7469213026578351,0.7102786178956053,0.6412605870611603,0.5602515544401082,0.4679601133973215,0.36761162839977324,0.2743953899308021,0.20828542447813844,0.14333298159333704,0.116734796811039,0.09295487610873503,0.09158707207798909,0.0977974943879871,0.18999999999999995,12,39,2.491709174094189, 
0.00800144342012765,0.01580642172442722,0.020560712006583597,0.01250845495907366,0.0021245663480337013,0.0020279819371745167,0.0020885926587784617,0.00462226864456173,0.008173116188300926,0.016392794061160537,0.029914037834682928,0.04622259425987636,0.0727998099894289,0.09945435127430755,0.12557410652572118,0.15200512903642707,0.16759834458509376,0.1767597672293451,0.18508326077028384,0.1944186904950135,0.20888214471488706,0.264936360748477,0.3253952939862893,0.4263896423872448,0.5379742139738626,0.6305022282045905,0.7036920681809403,0.7612013533770308,0.7792439793469287,0.7951101475142137,0.7754903515601411,0.7528033657172072,0.7009134155396815,0.6351828065645614,0.5527788145465762,0.4501763161995476,0.3498988682006584,0.2653725047804686,0.1828397518938639,0.13955204819566067,0.103678789713719,0.18999999999999995,13,28,2.492109429348823, 
0.00800144342012765,0.0036232448987067096,0.0022965815147175947,0.0018372463429173823,0.0034689368276479234,0.00615835683641096,0.014939241621063857,0.025815671189083417,0.04420855619350851,0.06857465797527396,0.09465347541231472,0.12339716962348353,0.15140807698672898,0.16620525121022942,0.1785509397585427,0.1858104238279213,0.1918919640018522,0.2118860027183928,0.25484397553939,0.30787486149598386,0.412511924938794,0.5178258262632599,0.6090363101527512,0.6936154656635213,0.7471582226299989,0.7741750873749866,0.7897423645027976,0.7753344850236469,0.7571037169426073,0.702514444489652,0.6445091734400654,0.5598812905325544,0.46261048496236895,0.3659871682022366,0.2727042863396151,0.1918200629576186,0.15091403734959302,0.11185487762857546,0.09832494035673299,0.09107381307377581,0.09415293292590608,0.18999999999999995,13,37,2.4917091740941886, 
0.012939446565501948,0.010638207641271071,0.004946688514068749,0.00318832195201238,0.007027761629275553,0.011588478843647918,0.02567763602713496,0.04175990818013749,0.06544322810964306,0.09361034798400356,0.12075362163323256,0.1453376384973739,0.16773479255131554,0.17519550057608585,0.1816556176860185,0.19304522031231827,0.20801396011935855,0.24962014215063313,0.31950620383101297,0.4015850969126912,0.512852668655147,0.6238871672348695,0.6923172590962363,0.7549460885576779,0.7831021817038584,0.7907015629866817,0.7834279194018254,0.7538031457934642,0.7181031106219014,0.6457857710431156,0.5716927008844124,0.47226006885062155,0.3680262969864243,0.27689839285995144,0.20025055906488115,0.13972481671521117,0.11095942428195267,0.08344317622991818,0.08362921620702321,0.08676895322374767,0.103678789713719,0.18999999999999995,14,28,2.4921094293488237, 
0.012939446565501948,0.009115633883324094,0.005002355879667434,0.0034150241247050592,0.0016354927708244027,0.002988052389565281,0.004640049724415876,0.010602156740887879,0.01880951660320718,0.03251054435143463,0.053906263146857016,0.07656401343940863,0.10607077211827669,0.13583443326590144,0.15559537650054361,0.17198835248138306,0.18115933661221698,0.18533691382670797,0.19571546551114846,0.2258185616509322,0.25980667293308757,0.35145696896187434,0.4481757290728535,0.5476570955763853,0.6451516779283357,0.7195794561240394,0.7593299374126856,0.7909148201513877,0.7842215793436795,0.7755028859344921,0.7373899686362619,0.6904909357187943,0.6215510598916112,0.5323342996853296,0.43860974561151916,0.34074664332229176,0.24579680814357427,0.18904615929105,0.13679832437271625,0.10920545111334645,0.0941529329259061,0.18999999999999995,14,38,2.4917091740941886, 
0.00800144342012765,0.01580642172442722,0.0205607120065836,0.012508454959073661,0.0021245663480337013,0.0020279819371745167,0.0020885926587784617,0.004622268644561734,0.008173116188300926,0.016392794061160537,0.029914037834682928,0.046222594259876355,0.07279980998942889,0.09945435127430755,0.12557410652572118,0.15200512903642707,0.16759834458509376,0.1767597672293451,0.18508326077028384,0.1944186904950135,0.2088821447148869,0.264936360748477,0.32539529398628936,0.4263896423872448,0.5379742139738626,0.6305022282045905,0.7036920681809403,0.7612013533770308,0.7792439793469287,0.7951101475142137,0.7754903515601411,0.7528033657172072,0.7009134155396815,0.6351828065645614,0.5527788145465766,0.4501763161995476,0.3498988682006584,0.26537250478046864,0.18283975189386398,0.13955204819566067,0.10367878971371901,0.18999999999999995,15,29,2.492109429348823, 
0.00800144342012765,0.003623244898706706,0.0022965815147175943,0.001837246342917382,0.0034689368276479234,0.00615835683641096,0.014939241621063859,0.025815671189083417,0.04420855619350851,0.06857465797527396,0.09465347541231472,0.12339716962348353,0.15140807698672895,0.16620525121022947,0.1785509397585427,0.1858104238279213,0.1918919640018522,0.2118860027183928,0.25484397553939,0.30787486149598386,0.4125119249387939,0.5178258262632599,0.6090363101527512,0.6936154656635212,0.7471582226299989,0.7741750873749866,0.7897423645027976,0.7753344850236468,0.7571037169426073,0.702514444489652,0.6445091734400654,0.5598812905325544,0.46261048496236895,0.3659871682022366,0.2727042863396151,0.1918200629576186,0.15091403734959302,0.11185487762857546,0.09832494035673299,0.09107381307377581,0.0941529329259061,0.18999999999999995,15,38,2.4917091740941886, 
0.012939446565501948,0.010638207641271071,0.004946688514068749,0.00318832195201238,0.007027761629275553,0.011588478843647916,0.025677636027134965,0.041759908180137494,0.06544322810964306,0.09361034798400356,0.12075362163323256,0.1453376384973739,0.16773479255131554,0.17519550057608585,0.1816556176860185,0.19304522031231827,0.20801396011935852,0.24962014215063313,0.31950620383101297,0.4015850969126912,0.512852668655147,0.6238871672348695,0.6923172590962368,0.7549460885576778,0.7831021817038584,0.7907015629866817,0.7834279194018254,0.7538031457934641,0.7181031106219014,0.6457857710431156,0.5716927008844124,0.4722600688506215,0.36802629698642436,0.2768983928599514,0.20025055906488123,0.13972481671521117,0.11095942428195264,0.08344317622991816,0.08362921620702321,0.08676895322374767,0.10367878971371901,0.18999999999999995,16,29,2.4921094293488237, 
0.012939446565501948,0.009115633883324094,0.005002355879667434,0.0034150241247050592,0.0016354927708244027,0.0029880523895652812,0.004640049724415876,0.010602156740887879,0.01880951660320718,0.03251054435143463,0.053906263146857016,0.07656401343940863,0.10607077211827672,0.13583443326590144,0.15559537650054361,0.17198835248138306,0.181159336612217,0.18533691382670797,0.19571546551114846,0.2258185616509322,0.2598066729330876,0.35145696896187417,0.4481757290728535,0.5476570955763853,0.6451516779283357,0.7195794561240394,0.759329937412686,0.7909148201513878,0.7842215793436799,0.7755028859344921,0.7373899686362618,0.6904909357187943,0.6215510598916116,0.5323342996853296,0.43860974561151905,0.34074664332229176,0.24579680814357432,0.1890461592910501,0.13679832437271625,0.10920545111334647,0.0941529329259061,0.18999999999999995,16,36,2.4917091740941886, 
0.003402218696007431,0.004499732404856079,0.005804573785677942,0.001910919267791494,0.0023686227891879684,0.0030492636514095448,0.00706394848874105,0.011837247336893479,0.02304236672724706,0.03863008538476588,0.05965376026414356,0.08835238640852652,0.11653234101578859,0.14066595901708842,0.16343326550084525,0.17392122390292047,0.18044498833010622,0.18958043030867908,0.20310301879889942,0.22901659698640348,0.2952829489225998,0.3656436510085002,0.4731209368894476,0.5821618535587783,0.6628931735400607,0.7269613813076725,0.7700224611607441,0.782809513850552,0.7898668953703022,0.7645848742457032,0.73678823081344,0.675558361509222,0.6058315366155859,0.5189406610636028,0.41961365766648345,0.3262313417558765,0.247867659392588,0.17177785990613256,0.13772296297555203,0.10981506815797622,0.10367878971371901,0.18999999999999995,17,29,2.4921094293488237, 
0.003402218696007431,0.002576867584180222,0.002202239369880257,0.0034486924192804933,0.004569564916606316,0.01099887662048184,0.01720819065322087,0.031787021097133224,0.05012865403775045,0.07396645107668434,0.10350712336358402,0.13194015955574478,0.15261016373939193,0.17290324729592893,0.1800650795412107,0.18488903873456822,0.19710019186073083,0.21775422711050876,0.254688724398508,0.33420575071319764,0.41863584375694973,0.5242925763558697,0.6305471647891475,0.701878799498275,0.7511437070487966,0.7811976634977119,0.7838675618630007,0.7811360903283563,0.7469213026578352,0.7102786178956053,0.6412605870611603,0.5602515544401082,0.4679601133973215,0.3676116283997732,0.2743953899308021,0.20828542447813844,0.14333298159333702,0.11673479681103902,0.09295487610873503,0.09158707207798909,0.0977974943879871,0.18999999999999995,17,39,2.491709174094189, 
0.012939446565501948,0.010638207641271071,0.004946688514068749,0.00318832195201238,0.007027761629275553,0.011588478843647916,0.02567763602713496,0.041759908180137494,0.06544322810964306,0.09361034798400356,0.12075362163323256,0.1453376384973739,0.16773479255131554,0.17519550057608585,0.1816556176860185,0.1930452203123183,0.20801396011935855,0.24962014215063316,0.31950620383101297,0.4015850969126911,0.5128526686551469,0.6238871672348695,0.6923172590962363,0.7549460885576779,0.7831021817038584,0.7907015629866817,0.7834279194018254,0.7538031457934642,0.7181031106219014,0.6457857710431156,0.5716927008844125,0.4722600688506215,0.36802629698642436,0.2768983928599514,0.20025055906488118,0.13972481671521117,0.11095942428195264,0.08344317622991816,0.08362921620702321,0.08676895322374768,0.103678789713719,0.18999999999999995,18,30,2.4921094293488237, 
0.012939446565501948,0.009115633883324094,0.005002355879667434,0.0034150241247050592,0.0016354927708244027,0.002988052389565281,0.004640049724415876,0.010602156740887879,0.01880951660320718,0.03251054435143463,0.053906263146857016,0.07656401343940865,0.10607077211827669,0.13583443326590144,0.15559537650054361,0.17198835248138306,0.18115933661221698,0.18533691382670797,0.19571546551114846,0.2258185616509322,0.25980667293308757,0.35145696896187417,0.4481757290728535,0.5476570955763853,0.6451516779283357,0.7195794561240394,0.759329937412686,0.7909148201513877,0.7842215793436795,0.7755028859344925,0.7373899686362618,0.6904909357187943,0.6215510598916116,0.5323342996853296,0.43860974561151905,0.34074664332229176,0.24579680814357432,0.1890461592910501,0.13679832437271625,0.10920545111334647,0.09415293292590608,0.18999999999999995,18,37,2.4917091740941886, 
0.003402218696007431,0.004499732404856079,0.005804573785677942,0.001910919267791494,0.0023686227891879666,0.0030492636514095448,0.00706394848874105,0.011837247336893479,0.02304236672724706,0.03863008538476591,0.05965376026414356,0.08835238640852656,0.11653234101578859,0.14066595901708842,0.16343326550084528,0.17392122390292047,0.18044498833010622,0.18958043030867908,0.20310301879889944,0.22901659698640345,0.2952829489225998,0.3656436510085002,0.4731209368894476,0.5821618535587783,0.6628931735400608,0.7269613813076725,0.770022461160744,0.782809513850552,0.7898668953703022,0.7645848742457033,0.73678823081344,0.6755583615092221,0.6058315366155859,0.5189406610636029,0.41961365766648345,0.3262313417558765,0.24786765939258806,0.17177785990613256,0.13772296297555192,0.10981506815797627,0.10367878971371901,0.18999999999999995,19,30,2.4921094293488237, 
0.003402218696007431,0.002576867584180222,0.002202239369880257,0.0034486924192804933,0.004569564916606316,0.01099887662048184,0.01720819065322087,0.031787021097133224,0.05012865403775045,0.07396645107668434,0.10350712336358402,0.13194015955574476,0.15261016373939193,0.17290324729592893,0.1800650795412107,0.18488903873456822,0.19710019186073083,0.2177542271105088,0.25468872439850776,0.33420575071319764,0.41863584375694973,0.5242925763558698,0.6305471647891475,0.701878799498275,0.7511437070487966,0.7811976634977119,0.7838675618630006,0.7811360903283562,0.7469213026578351,0.7102786178956054,0.6412605870611603,0.5602515544401082,0.4679601133973215,0.36761162839977324,0.2743953899308021,0.20828542447813841,0.14333298159333702,0.11673479681103902,0.09295487610873503,0.09158707207798908,0.0977974943879871,0.18999999999999995,19,39,2.491709174094189, 
0.00800144342012765,0.01580642172442722,0.020560712006583597,0.01250845495907366,0.0021245663480337013,0.0020279819371745163,0.0020885926587784617,0.004622268644561734,0.008173116188300926,0.016392794061160537,0.02991403783468292,0.04622259425987637,0.0727998099894289,0.09945435127430755,0.12557410652572118,0.15200512903642707,0.16759834458509376,0.1767597672293451,0.18508326077028384,0.1944186904950135,0.20888214471488706,0.264936360748477,0.32539529398628947,0.4263896423872448,0.5379742139738626,0.6305022282045909,0.7036920681809403,0.7612013533770307,0.7792439793469287,0.7951101475142137,0.7754903515601411,0.7528033657172072,0.7009134155396815,0.6351828065645614,0.5527788145465766,0.45017631619954795,0.3498988682006584,0.26537250478046864,0.1828397518938639,0.13955204819566064,0.103678789713719,0.18999999999999995,20,30,2.492109429348823, 
0.00800144342012765,0.003623244898706706,0.0022965815147175943,0.0018372463429173823,0.0034689368276479234,0.0061583568364109624,0.014939241621063857,0.025815671189083417,0.04420855619350851,0.06857465797527394,0.09465347541231474,0.12339716962348353,0.15140807698672895,0.16620525121022942,0.1785509397585427,0.1858104238279213,0.1918919640018522,0.2118860027183928,0.25484397553939026,0.30787486149598386,0.412511924938794,0.5178258262632599,0.6090363101527513,0.6936154656635212,0.7471582226299989,0.7741750873749867,0.7897423645027976,0.7753344850236469,0.7571037169426073,0.702514444489652,0.6445091734400654,0.5598812905325545,0.46261048496236895,0.3659871682022366,0.2727042863396151,0.1918200629576186,0.150914037349593,0.11185487762857546,0.09832494035673299,0.09107381307377581,0.0941529329259061,0.18999999999999995,20,36,2.4917091740941886, 
0.020854683733531162,0.00925328297762114,0.001999353917957045,0.00188138154700308,0.0018748041445093985,0.004706586305056709,0.007518802262346125,0.017117859357681623,0.02895585132536797,0.04714274450150647,0.07358083939097236,0.10125771756047734,0.1297404413715029,0.1571794199570013,0.16950433837836404,0.17966637405623573,0.1883395822816621,0.1976595434030831,0.22311966788739698,0.2780388761450019,0.3414630131523909,0.45156645895254527,0.5631265197215756,0.6483246353947305,0.7241299121696354,0.7687720364330694,0.7873356449512842,0.7950671990584415,0.7749903893150929,0.7522450636317404,0.689307431384579,0.6228955467369028,0.5308660435520977,0.42655452556363865,0.32755167663148066,0.23870720181601388,0.15716256905858186,0.11678532141712124,0.07943367791205115,0.071906185733271,0.06944288823002685,0.18999999999999995,21,31,2.4921094293488233, 
0.020854683733531162,0.022308327387471967,0.012080032703155339,0.004799685449980578,0.0029370550272818027,0.001659196338301056,0.0027281636660133547,0.004347658310522488,0.00962692444294189,0.019350787124081746,0.033351658878993655,0.05703729322789499,0.08139224176122496,0.11088146016756607,0.1397104832928006,0.15971681337356583,0.1744061808409844,0.18417061395736406,0.18959422489440275,0.1989281482939235,0.2373837586568866,0.2797478366643365,0.37121831010519174,0.4757161203447512,0.5733789400658972,0.6621996891915078,0.7345139635378237,0.7649072076059228,0.7926546741052307,0.7833803855181644,0.7706974273338865,0.730478473983631,0.6754606730910151,0.6037983467455172,0.507460963976919,0.4105150074337088,0.31361132903615296,0.21908567315462207,0.16041937890844243,0.11838664446779304,0.0941529329259061,0.18999999999999995,21,36,2.491709174094188, 
0.020854683733531162,0.00925328297762114,0.001999353917957045,0.00188138154700308,0.0018748041445093985,0.004706586305056709,0.007518802262346126,0.017117859357681623,0.02895585132536797,0.04714274450150647,0.07358083939097236,0.10125771756047734,0.1297404413715029,0.1571794199570013,0.16950433837836404,0.1796663740562357,0.1883395822816621,0.1976595434030831,0.22311966788739698,0.27803887614500183,0.3414630131523909,0.4515664589525456,0.5631265197215755,0.6483246353947305,0.7241299121696354,0.7687720364330694,0.7873356449512842,0.7950671990584415,0.7749903893150929,0.7522450636317404,0.689307431384579,0.6228955467369028,0.5308660435520978,0.4265545255636389,0.32755167663148066,0.23870720181601388,0.15716256905858186,0.11678532141712124,0.07943367791205115,0.071906185733271,0.06944288823002685,0.18999999999999995,22,31,2.4921094293488233, 
0.020854683733531162,0.022308327387471967,0.012080032703155339,0.004799685449980577,0.0029370550272818027,0.0016591963383010562,0.0027281636660133547,0.004347658310522487,0.009626924442941897,0.019350787124081746,0.03335165887899365,0.05703729322789499,0.08139224176122496,0.11088146016756606,0.1397104832928006,0.15971681337356583,0.1744061808409843,0.18417061395736406,0.18959422489440284,0.1989281482939235,0.23738375865688657,0.27974783666433656,0.37121831010519174,0.4757161203447512,0.5733789400658972,0.6621996891915083,0.7345139635378237,0.7649072076059228,0.7926546741052307,0.7833803855181642,0.7706974273338866,0.730478473983631,0.6754606730910152,0.6037983467455172,0.507460963976919,0.41051500743370867,0.31361132903615296,0.21908567315462207,0.16041937890844243,0.11838664446779304,0.0941529329259061,0.18999999999999995,22,38,2.491709174094188, 
0.020854683733531165,0.009253282977621138,0.0019993539179570456,0.00188138154700308,0.0018748041445093985,0.004706586305056709,0.007518802262346125,0.017117859357681623,0.02895585132536795,0.04714274450150647,0.07358083939097236,0.10125771756047734,0.1297404413715029,0.1571794199570013,0.16950433837836404,0.17966637405623573,0.1883395822816621,0.1976595434030831,0.22311966788739698,0.27803887614500183,0.3414630131523909,0.4515664589525457,0.5631265197215756,0.6483246353947305,0.7241299121696354,0.7687720364330694,0.7873356449512843,0.7950671990584415,0.7749903893150929,0.7522450636317404,0.689307431384579,0.6228955467369028,0.5308660435520978,0.42655452556363865,0.3275516766314807,0.2387072018160139,0.1571625690585819,0.11678532141712124,0.07943367791205112,0.071906185733271,0.06944288823002685,0.18999999999999995,23,31,2.4921094293488233, 
0.020854683733531165,0.022308327387471967,0.012080032703155339,0.004799685449980578,0.0029370550272818027,0.001659196338301056,0.0027281636660133547,0.004347658310522487,0.00962692444294189,0.019350787124081746,0.03335165887899365,0.05703729322789499,0.08139224176122496,0.11088146016756606,0.1397104832928006,0.15971681337356583,0.1744061808409844,0.18417061395736406,0.18959422489440284,0.1989281482939235,0.2373837586568866,0.27974783666433656,0.37121831010519174,0.4757161203447512,0.5733789400658972,0.6621996891915083,0.7345139635378237,0.7649072076059228,0.7926546741052307,0.7833803855181644,0.7706974273338865,0.730478473983631,0.6754606730910152,0.6037983467455172,0.507460963976919,0.41051500743370867,0.31361132903615296,0.2190856731546221,0.16041937890844243,0.11838664446779304,0.09415293292590608,0.18999999999999995,23,37,2.491709174094188, 
0.10012808779475721,0.09996697475134678,0.10689196688533896,0.11643605976531449,0.15288439783954244,0.19407661908236,0.2484066657189822,0.30740427607929444,0.3831120369133253,0.4598373384353153,0.52873247238435,0.5904748460899062,0.6399838467155058,0.6780490073371095,0.7074868382163578,0.7282765610097849,0.7428261920807893,0.7473532815742427,0.751453665791514,0.752376989028866,0.7550934155825276,0.7507670344669861,0.7477794270267728,0.7408383529931852,0.7329538332727411,0.7131432314554172,0.6857531854643881,0.6499638910440498,0.6062861887475607,0.5495042427412866,0.4789256222674315,0.4054837416302376,0.3338844858513798,0.26475056136011016,0.2100154590568572,0.16160200032331445,0.13159900613130596,0.10452273999454449,0.09933514561355969,0.09587974486660895,0.103678789713719,0.0,24,28,2.210492593614598, 
0.10012808779475721,0.09996697475134682,0.10689196688533896,0.11643605976531449,0.15288439783954244,0.19407661908236,0.2484066657189822,0.3074042760792945,0.3831120369133251,0.45983733843531543,0.52873247238435,0.5904748460899062,0.6399838467155056,0.6780490073371095,0.7074868382163579,0.7282765610097847,0.7428261920807889,0.7473532815742427,0.751453665791514,0.752376989028866,0.7550934155825276,0.750767034466986,0.7477794270267731,0.7408383529931852,0.7329538332727414,0.7131432314554172,0.6857531854643882,0.6499638910440498,0.6062861887475608,0.5495042427412865,0.47892562226743157,0.40548374163023765,0.3338844858513798,0.26475056136011016,0.2100154590568572,0.16160200032331445,0.13159900613130598,0.10452273999454449,0.09933514561355973,0.09587974486660897,0.10367878971371901,0.0,25,29,2.210492593614598, 
0.10012808779475721,0.09996697475134682,0.10689196688533896,0.11643605976531447,0.15288439783954244,0.19407661908236,0.2484066657189822,0.3074042760792945,0.3831120369133251,0.45983733843531543,0.52873247238435,0.5904748460899061,0.6399838467155057,0.6780490073371095,0.7074868382163579,0.7282765610097847,0.7428261920807889,0.7473532815742427,0.751453665791514,0.752376989028866,0.7550934155825276,0.7507670344669861,0.7477794270267731,0.7408383529931852,0.7329538332727414,0.7131432314554172,0.6857531854643882,0.6499638910440498,0.6062861887475608,0.5495042427412866,0.47892562226743157,0.4054837416302376,0.3338844858513798,0.26475056136011016,0.2100154590568572,0.16160200032331445,0.13159900613130596,0.10452273999454449,0.09933514561355973,0.09587974486660895,0.103678789713719,0.0,26,30,2.210492593614598, 
0.07927238078812762,0.06402309759984638,0.07215987106435141,0.08087043511426031,0.09044630441551824,0.10117899363407082,0.15092566682963504,0.20838056929066548,0.27181437891766624,0.3411524470237413,0.42057714222594306,0.4974643845041352,0.5679812146225477,0.6322161336017267,0.6796055462104923,0.7068721297642602,0.7302207554543279,0.7501831989780798,0.7648409189225867,0.7639446661395832,0.7643875904523986,0.7663813247362559,0.7701375018663797,0.7639065409144783,0.756107044262924,0.7480190194169,0.7391991916995734,0.7147776455431655,0.6760074206852112,0.6314128496423538,0.5804321433276316,0.516722971393432,0.4375683751708109,0.35763172981398295,0.27762643050598,0.20012654756956,0.16042344060688093,0.12570904630009022,0.09557025727674866,0.06959396616441947,0.06944288823002685,0.0,27,31,2.2104925936145983, 
0.103678789713719,0.09587974486660895,0.09933514561355969,0.10452273999454449,0.13159900613130596,0.16160200032331445,0.2100154590568572,0.26475056136011016,0.3338844858513798,0.4054837416302376,0.4789256222674315,0.5495042427412866,0.6062861887475607,0.6499638910440498,0.6857531854643881,0.7131432314554172,0.7329538332727411,0.7408383529931852,0.7477794270267728,0.7507670344669861,0.7550934155825276,0.752376989028866,0.751453665791514,0.7473532815742427,0.7428261920807893,0.7282765610097849,0.7074868382163578,0.6780490073371095,0.6399838467155058,0.5904748460899062,0.52873247238435,0.4598373384353153,0.3831120369133253,0.30740427607929444,0.2484066657189822,0.19407661908236,0.15288439783954244,0.11643605976531449,0.10689196688533896,0.09996697475134678,0.10012808779475721,0.0,28,24,2.210492593614598, 
0.10367878971371901,0.09587974486660897,0.09933514561355973,0.10452273999454449,0.13159900613130598,0.16160200032331445,0.2100154590568572,0.26475056136011016,0.3338844858513798,0.40548374163023765,0.47892562226743157,0.5495042427412865,0.6062861887475608,0.6499638910440498,0.6857531854643882,0.7131432314554171,0.7329538332727414,0.7408383529931852,0.7477794270267731,0.7507670344669861,0.7550934155825276,0.752376989028866,0.751453665791514,0.7473532815742427,0.7428261920807889,0.7282765610097847,0.7074868382163579,0.6780490073371095,0.6399838467155056,0.5904748460899062,0.52873247238435,0.45983733843531543,0.3831120369133251,0.3074042760792945,0.2484066657189822,0.19407661908236,0.15288439783954244,0.11643605976531449,0.10689196688533896,0.09996697475134682,0.10012808779475721,0.0,29,25,2.210492593614598, 
0.103678789713719,0.09587974486660895,0.09933514561355973,0.10452273999454449,0.13159900613130596,0.16160200032331445,0.2100154590568572,0.26475056136011016,0.3338844858513798,0.4054837416302376,0.47892562226743157,0.5495042427412866,0.6062861887475608,0.6499638910440498,0.6857531854643882,0.7131432314554171,0.7329538332727414,0.7408383529931852,0.7477794270267731,0.7507670344669861,0.7550934155825276,0.752376989028866,0.751453665791514,0.7473532815742427,0.7428261920807889,0.7282765610097847,0.7074868382163579,0.6780490073371095,0.6399838467155057,0.5904748460899061,0.52873247238435,0.45983733843531543,0.3831120369133251,0.3074042760792945,0.2484066657189822,0.19407661908236,0.15288439783954244,0.11643605976531447,0.10689196688533896,0.09996697475134682,0.10012808779475721,0.0,30,26,2.210492593614598, 
0.06944288823002685,0.06959396616441947,0.09557025727674866,0.12570904630009022,0.16042344060688093,0.20012654756956,0.27762643050598,0.35763172981398295,0.4375683751708109,0.516722971393432,0.5804321433276316,0.6314128496423538,0.6760074206852112,0.7147776455431655,0.7391991916995736,0.7480190194169,0.756107044262924,0.7639065409144782,0.7701375018663797,0.7663813247362559,0.7643875904523986,0.7639446661395832,0.7648409189225865,0.7501831989780798,0.7302207554543279,0.7068721297642602,0.6796055462104923,0.6322161336017267,0.5679812146225477,0.4974643845041352,0.42057714222594306,0.3411524470237413,0.27181437891766624,0.20838056929066548,0.15092566682963504,0.10117899363407082,0.09044630441551824,0.08087043511426031,0.07215987106435152,0.06402309759984638,0.07927238078812762,0.0,31,27,2.2104925936145983, 
0.08368651919004931,0.09122968477164481,0.10236770707300698,0.1301633907149185,0.17272814283708746,0.22599085864777635,0.29076086620117364,0.36337440710510377,0.4420679743980608,0.5166414338210777,0.5824370148951183,0.6416865375588471,0.6792691206706001,0.7118146824564794,0.7333208239886508,0.7510927679210571,0.7579527453806947,0.7619920299730297,0.7641747389677712,0.766173079755635,0.7660247229421511,0.7623604052925229,0.757692543732818,0.748746481610141,0.7361178315644265,0.7080515725895415,0.6751822097204221,0.628569129038197,0.5755130019642066,0.5046633992214768,0.42821950722191293,0.3502511623672181,0.27349646666214145,0.21138313543798265,0.16304060259452172,0.12595697707502002,0.0998179835136377,0.08374936507407085,0.08352133590847544,0.08465829794086763,0.0941529329259061,0.0,32,36,2.203516845873557, 
0.08368651919004931,0.0912296847716448,0.10236770707300698,0.1301633907149185,0.17272814283708754,0.22599085864777632,0.2907608662011737,0.36337440710510377,0.4420679743980608,0.5166414338210777,0.5824370148951183,0.6416865375588471,0.6792691206705997,0.7118146824564794,0.7333208239886508,0.7510927679210571,0.7579527453806947,0.7619920299730297,0.7641747389677712,0.766173079755635,0.7660247229421511,0.762360405292523,0.757692543732818,0.748746481610141,0.7361178315644265,0.7080515725895415,0.675182209720422,0.628569129038197,0.5755130019642066,0.5046633992214764,0.42821950722191293,0.3502511623672181,0.27349646666214145,0.21138313543798265,0.16304060259452172,0.12595697707502002,0.0998179835136377,0.08374936507407085,0.08352133590847545,0.08465829794086763,0.09415293292590608,0.0,33,37,2.203516845873557, 
0.08368651919004931,0.09122968477164481,0.10236770707300698,0.1301633907149185,0.17272814283708754,0.22599085864777632,0.29076086620117364,0.36337440710510377,0.4420679743980608,0.5166414338210777,0.5824370148951183,0.641686537558847,0.6792691206705997,0.7118146824564794,0.7333208239886508,0.7510927679210571,0.7579527453806947,0.7619920299730296,0.7641747389677712,0.766173079755635,0.7660247229421511,0.7623604052925229,0.757692543732818,0.748746481610141,0.7361178315644265,0.7080515725895415,0.6751822097204221,0.628569129038197,0.5755130019642066,0.5046633992214768,0.42821950722191293,0.3502511623672181,0.27349646666214145,0.21138313543798262,0.16304060259452172,0.12595697707502002,0.0998179835136377,0.0837493650740709,0.08352133590847544,0.08465829794086763,0.0941529329259061,0.0,34,38,2.203516845873557, 
0.1095141909404196,0.0934386085641731,0.08591161858188781,0.0772363757115018,0.06763646586435165,0.07105024872784295,0.09297496983575228,0.11833775845068639,0.14757305579620714,0.187664430222471,0.26342819220964653,0.3415258375228021,0.42122935884749174,0.5018107488692662,0.5665005661369024,0.6222435710797629,0.6712420739563052,0.7140258811367277,0.7372833182895964,0.7488048463639403,0.7590351615504823,0.7684377491342319,0.7733417049905326,0.7704117818545994,0.7693412228883341,0.7700034844119484,0.7718212674934615,0.7572688554471794,0.7403816302039373,0.7206549416672282,0.6975841397405473,0.6503641966637358,0.5898540366523665,0.5225852655558886,0.44832004224119953,0.3693644400490116,0.29521678366231624,0.22648248525325335,0.16343978845509527,0.11288682613349013,0.0977974943879871,0.0,35,39,2.203516845873554, 
0.0941529329259061,0.08465829794086763,0.08352133590847544,0.08374936507407085,0.0998179835136377,0.12595697707502002,0.16304060259452172,0.21138313543798265,0.27349646666214145,0.3502511623672181,0.42821950722191293,0.5046633992214768,0.5755130019642066,0.628569129038197,0.6751822097204224,0.7080515725895415,0.7361178315644265,0.748746481610141,0.757692543732818,0.7623604052925226,0.7660247229421511,0.766173079755635,0.7641747389677712,0.7619920299730297,0.7579527453806947,0.7510927679210574,0.7333208239886508,0.7118146824564794,0.6792691206706001,0.6416865375588471,0.5824370148951183,0.5166414338210777,0.4420679743980608,0.36337440710510377,0.29076086620117364,0.22599085864777635,0.17272814283708746,0.1301633907149185,0.10236770707300695,0.09122968477164481,0.08368651919004931,0.0,36,32,2.203516845873557, 
0.09415293292590608,0.08465829794086763,0.08352133590847545,0.08374936507407085,0.0998179835136377,0.12595697707502002,0.16304060259452172,0.21138313543798265,0.27349646666214145,0.3502511623672181,0.42821950722191293,0.5046633992214764,0.5755130019642066,0.628569129038197,0.6751822097204224,0.7080515725895415,0.7361178315644265,0.748746481610141,0.757692543732818,0.7623604052925229,0.7660247229421511,0.766173079755635,0.7641747389677712,0.7619920299730297,0.7579527453806947,0.7510927679210574,0.7333208239886508,0.7118146824564794,0.6792691206705997,0.6416865375588471,0.5824370148951183,0.5166414338210777,0.4420679743980608,0.36337440710510377,0.2907608662011737,0.22599085864777632,0.17272814283708754,0.1301633907149185,0.10236770707300695,0.0912296847716448,0.08368651919004931,0.0,37,33,2.203516845873557, 
0.0941529329259061,0.08465829794086763,0.08352133590847544,0.0837493650740709,0.0998179835136377,0.12595697707502002,0.16304060259452172,0.21138313543798262,0.27349646666214145,0.3502511623672181,0.42821950722191293,0.5046633992214768,0.5755130019642066,0.628569129038197,0.6751822097204224,0.7080515725895415,0.7361178315644265,0.748746481610141,0.757692543732818,0.7623604052925229,0.7660247229421511,0.766173079755635,0.7641747389677712,0.7619920299730296,0.7579527453806947,0.7510927679210571,0.7333208239886508,0.7118146824564794,0.6792691206705997,0.641686537558847,0.5824370148951183,0.5166414338210777,0.4420679743980608,0.36337440710510377,0.29076086620117364,0.22599085864777632,0.17272814283708754,0.1301633907149185,0.10236770707300695,0.09122968477164481,0.08368651919004931,0.0,38,34,2.203516845873557, 
0.0977974943879871,0.11288682613349013,0.16343978845509527,0.22648248525325335,0.29521678366231624,0.3693644400490116,0.44832004224119953,0.5225852655558886,0.5898540366523665,0.6503641966637358,0.6975841397405473,0.7206549416672282,0.7403816302039373,0.7572688554471794,0.7718212674934615,0.7700034844119484,0.7693412228883341,0.7704117818545994,0.7733417049905326,0.7684377491342319,0.7590351615504823,0.7488048463639403,0.7372833182895964,0.7140258811367277,0.6712420739563052,0.6222435710797629,0.5665005661369024,0.5018107488692662,0.42122935884749174,0.3415258375228021,0.26342819220964653,0.187664430222471,0.14757305579620714,0.11833775845068639,0.09297496983575228,0.07105024872784295,0.06763646586435165,0.0772363757115018,0.08591161858188781,0.0934386085641731,0.1095141909404196,0.0,39,35,2.203516845873554, 
0.18343370395596018,0.20760014756442935,0.13941883984538478,0.08830680678084367,0.06523291646020989,0.050099945938736325,0.05836323601593485,0.07112992570821063,0.10167335083083791,0.13448302880040375,0.1767696153757026,0.21641789050790766,0.24336048357058498,0.26228638598531134,0.2478734284077536,0.22616780408170364,0.17958152296423996,0.13639228302587017,0.10900980466988668,0.08968867268092093,0.09742926771864956,0.11577671696000928,0.16870285760947687,0.23489924215239114,0.3399606679900645,0.44339135951567094,0.5403980143522061,0.6234552235344448,0.6701058309787892,0.7055500383495741,0.7141635231588521,0.7136630253220045,0.6929743413178812,0.6620549355180235,0.608301280051985,0.5451896259552027,0.461734296643594,0.38166666095133545,0.3054181056658986,0.24541438449589084,0.21281325455730782,0.8300000000000001,40,48,2.79293021884763, 
0.18343370395596018,0.35324174970319405,0.5385026552554438,0.3974001501674024,0.05498743261107938,0.05389165060698374,0.05417005477987765,0.07670328411657865,0.10160253856657715,0.14262137329594854,0.18309969223893502,0.21989781669075142,0.25137602794316916,0.2537116847254207,0.24805029765212439,0.20669675556498254,0.1655307342414276,0.1276898790478518,0.09714082628117289,0.09426821210018498,0.10072258136261558,0.1388873539387203,0.1908287730489952,0.28490025306217437,0.38374588675467786,0.49129576288781635,0.5865915781040859,0.6471809487207719,0.6949062187518215,0.7119389310291162,0.7191254574773077,0.7044392692621291,0.67875519475547,0.6293960148991545,0.5671502528403236,0.48115473352904553,0.3940892617875428,0.3070670725652657,0.23420884172183956,0.18977972127362544,0.16330049472549074,0.8300000000000001,40,52,2.7929302188476317, 
0.18343370395596018,0.12226609314670853,0.08876708764148115,0.05320044914869093,0.056202764597502765,0.060995949059965304,0.08538902536333334,0.1115121387524345,0.15222077054181188,0.19219329005912153,0.22702290583319265,0.25703557032689195,0.2575256797694404,0.25058568023209016,0.20797688884968132,0.16568277398783862,0.12775980406537915,0.09698986370602729,0.09373253287339688,0.09912107990844411,0.1352771334082463,0.18460723364113904,0.2760315681355636,0.3731292244435779,0.4815158428834597,0.6106624702444873,0.662563141571358,0.7029833398330372,0.7142067785291315,0.7163415226679406,0.6964440156656926,0.6650281053116079,0.607257618205997,0.5366141083942128,0.4397526081126353,0.34495059026716207,0.25710489925801155,0.18846149294385522,0.15715548634137225,0.1424306566853002,0.15785469073305863,0.8300000000000001,40,53,2.7929302188476304, 
0.18343370395596015,0.3532417497031942,0.5385026552554438,0.3974001501674023,0.05498743261107938,0.05389165060698374,0.05417005477987765,0.07670328411657859,0.10160253856657721,0.14262137329594854,0.18309969223893502,0.21989781669075142,0.25137602794316916,0.2537116847254205,0.24805029765212439,0.20669675556498254,0.1655307342414276,0.1276898790478518,0.09714082628117289,0.09426821210018496,0.10072258136261558,0.1388873539387203,0.1908287730489952,0.28490025306217437,0.3837458867546778,0.49129576288781635,0.5865915781040859,0.6471809487207719,0.6949062187518215,0.7119389310291162,0.7191254574773077,0.7044392692621292,0.6787551947554695,0.6293960148991544,0.5671502528403235,0.48115473352904553,0.3940892617875428,0.30706707256526566,0.23420884172183956,0.18977972127362544,0.16330049472549063,0.8300000000000001,41,45,2.7929302188476317, 
0.18343370395596015,0.20760014756442932,0.13941883984538478,0.08830680678084367,0.06523291646020989,0.050099945938736325,0.05836323601593485,0.07112992570821064,0.10167335083083791,0.13448302880040375,0.1767696153757026,0.21641789050790766,0.24336048357058498,0.2622863859853113,0.2478734284077536,0.22616780408170364,0.17958152296423996,0.13639228302587014,0.10900980466988668,0.08968867268092093,0.0974292677186496,0.11577671696000928,0.16870285760947687,0.23489924215239114,0.3399606679900645,0.44339135951567094,0.5403980143522061,0.6234552235344444,0.6701058309787892,0.7055500383495741,0.7141635231588521,0.7136630253220044,0.6929743413178812,0.6620549355180236,0.608301280051985,0.5451896259552027,0.461734296643594,0.3816666609513354,0.3054181056658986,0.24541438449589087,0.21281325455730782,0.8300000000000001,41,50,2.79293021884763, 
0.18343370395596015,0.12226609314670853,0.08876708764148114,0.05320044914869094,0.056202764597502765,0.06099594905996531,0.08538902536333334,0.1115121387524345,0.15222077054181188,0.19219329005912153,0.2270229058331926,0.25703557032689195,0.2575256797694404,0.25058568023209016,0.20797688884968132,0.16568277398783862,0.12775980406537915,0.09698986370602729,0.09373253287339688,0.09912107990844411,0.1352771334082463,0.18460723364113904,0.2760315681355636,0.3731292244435779,0.4815158428834598,0.6106624702444873,0.662563141571358,0.7029833398330372,0.7142067785291315,0.7163415226679406,0.6964440156656926,0.6650281053116079,0.607257618205997,0.5366141083942129,0.4397526081126352,0.3449505902671621,0.25710489925801155,0.18846149294385522,0.15715548634137225,0.1424306566853002,0.15785469073305863,0.8300000000000001,41,55,2.7929302188476304, 
0.18343370395596018,0.20760014756442932,0.13941883984538478,0.08830680678084367,0.0652329164602099,0.050099945938736325,0.05836323601593485,0.07112992570821064,0.10167335083083791,0.13448302880040375,0.17676961537570263,0.21641789050790766,0.243360483570585,0.26228638598531123,0.2478734284077536,0.22616780408170364,0.17958152296423996,0.13639228302587017,0.10900980466988666,0.08968867268092094,0.09742926771864956,0.11577671696000928,0.16870285760947687,0.23489924215239114,0.3399606679900645,0.44339135951567094,0.5403980143522061,0.6234552235344448,0.6701058309787892,0.7055500383495741,0.7141635231588521,0.7136630253220045,0.6929743413178812,0.6620549355180236,0.608301280051985,0.5451896259552027,0.461734296643594,0.38166666095133545,0.3054181056658986,0.24541438449589084,0.21281325455730782,0.8300000000000001,42,46,2.79293021884763, 
0.18343370395596018,0.353241749703194,0.5385026552554438,0.3974001501674023,0.05498743261107938,0.05389165060698374,0.05417005477987765,0.07670328411657865,0.10160253856657715,0.14262137329594854,0.18309969223893502,0.21989781669075142,0.25137602794316916,0.2537116847254207,0.24805029765212436,0.20669675556498254,0.1655307342414276,0.12768987904785178,0.09714082628117289,0.09426821210018496,0.1007225813626156,0.1388873539387203,0.19082877304899523,0.28490025306217437,0.38374588675467786,0.49129576288781635,0.5865915781040859,0.6471809487207719,0.6949062187518215,0.7119389310291162,0.7191254574773077,0.7044392692621291,0.6787551947554695,0.6293960148991544,0.5671502528403235,0.48115473352904564,0.39408926178754283,0.30706707256526566,0.2342088417218396,0.1897797212736254,0.16330049472549074,0.8300000000000001,42,47,2.7929302188476317, 
0.18343370395596018,0.12226609314670853,0.08876708764148114,0.05320044914869093,0.056202764597502765,0.060995949059965304,0.08538902536333334,0.1115121387524345,0.1522207705418119,0.19219329005912153,0.22702290583319265,0.25703557032689195,0.25752567976944046,0.25058568023209016,0.20797688884968132,0.16568277398783862,0.12775980406537915,0.09698986370602729,0.09373253287339688,0.09912107990844411,0.1352771334082463,0.18460723364113904,0.2760315681355636,0.3731292244435779,0.4815158428834598,0.6106624702444873,0.662563141571358,0.7029833398330372,0.7142067785291311,0.7163415226679406,0.6964440156656929,0.6650281053116079,0.6072576182059966,0.5366141083942129,0.4397526081126353,0.3449505902671621,0.25710489925801155,0.18846149294385522,0.15715548634137225,0.14243065668530017,0.15785469073305863,0.8300000000000001,42,54,2.7929302188476304, 
0.9197970499588931,0.5764885418920433,0.2668197634884849,0.1466679935069686,0.05499575118338481,0.07865814068637987,0.10470346154968897,0.14658175239547175,0.18777997953861508,0.22365186949504787,0.25412188620443127,0.25354823185136605,0.24581902907064937,0.20235779793873346,0.15965300708047472,0.12375573387671213,0.09517887374616311,0.09536016278404687,0.1047062318107905,0.1479599213314369,0.20436304412267964,0.30410984611336833,0.40676548259203826,0.5126541073627637,0.6055027818611761,0.6708862010275426,0.7072982123777968,0.7158914750515825,0.7163174304558415,0.6954697036354196,0.6644786066017636,0.6086084026155947,0.54262302250829,0.4533796538836243,0.36635267198560667,0.28345278615354796,0.21615806837112442,0.1821830673611551,0.1709086726726748,0.1911296922580354,0.229403093659549,0.8300000000000001,43,44,2.7929302188476313, 
0.9197970499588931,0.5764885418920433,0.2668197634884849,0.1466679935069686,0.05499575118338481,0.07865814068637987,0.10470346154968897,0.14658175239547175,0.18777997953861508,0.22365186949504787,0.25412188620443127,0.25354823185136605,0.24581902907064937,0.20235779793873346,0.15965300708047467,0.12375573387671213,0.09517887374616311,0.09536016278404687,0.1047062318107905,0.1479599213314369,0.20436304412267964,0.30410984611336833,0.40676548259203826,0.5126541073627637,0.6055027818611761,0.6708862010275426,0.7072982123777967,0.7158914750515828,0.7163174304558415,0.6954697036354196,0.664478606601764,0.6086084026155947,0.5426230225082895,0.4533796538836243,0.36635267198560667,0.28345278615354796,0.21615806837112436,0.1821830673611551,0.1709086726726748,0.1911296922580354,0.229403093659549,0.8300000000000001,43,49,2.7929302188476313, 
0.9197970499588931,0.5764885418920433,0.2668197634884849,0.1466679935069686,0.05499575118338478,0.07865814068637987,0.10470346154968897,0.14658175239547175,0.18777997953861517,0.22365186949504787,0.25412188620443127,0.25354823185136605,0.24581902907064937,0.20235779793873346,0.15965300708047467,0.12375573387671213,0.09517887374616311,0.09536016278404687,0.1047062318107905,0.1479599213314369,0.2043630441226796,0.30410984611336833,0.40676548259203826,0.5126541073627637,0.6055027818611761,0.6708862010275426,0.7072982123777968,0.7158914750515825,0.7163174304558415,0.6954697036354196,0.6644786066017636,0.6086084026155946,0.54262302250829,0.4533796538836243,0.36635267198560667,0.28345278615354796,0.2161580683711244,0.1821830673611551,0.1709086726726748,0.1911296922580354,0.229403093659549,0.8300000000000001,43,51,2.7929302188476313, 
0.229403093659549,0.1911296922580354,0.1709086726726748,0.1821830673611551,0.21615806837112442,0.28345278615354796,0.36635267198560667,0.4533796538836243,0.54262302250829,0.6086084026155947,0.6644786066017636,0.6954697036354196,0.7163174304558415,0.7158914750515825,0.7072982123777968,0.6708862010275426,0.6055027818611762,0.5126541073627643,0.4067654825920379,0.3041098461133683,0.20436304412267964,0.14795992133143704,0.10470623181079054,0.09536016278404687,0.09517887374616311,0.12375573387671211,0.15965300708047453,0.20235779793873337,0.24581902907064945,0.25354823185136605,0.25412188620443127,0.22365186949504787,0.1877799795386152,0.14658175239547175,0.10470346154968978,0.07865814068637991,0.05499575118338481,0.14666799350696907,0.26681976348848396,0.576488541892041,0.9197970499588913,0.8300000000000001,44,43,2.7929302188476317, 
0.16330049472549074,0.18977972127362494,0.23420884172183878,0.30706707256526655,0.394089261787543,0.4811547335290454,0.5671502528403227,0.6293960148991536,0.6787551947554704,0.7044392692621291,0.7191254574773077,0.7119389310291162,0.6949062187518217,0.6471809487207716,0.5865915781040857,0.49129576288781684,0.38374588675467874,0.28490025306217615,0.19082877304899387,0.13888735393872004,0.10072258136261558,0.09426821210018492,0.09714082628117283,0.1276898790478524,0.16553073424142778,0.20669675556498254,0.24805029765212397,0.25371168472542077,0.2513760279431691,0.21989781669075112,0.18309969223893502,0.14262137329594896,0.10160253856657778,0.07670328411657831,0.05417005477987754,0.05389165060698374,0.05498743261107935,0.3974001501674023,0.5385026552554438,0.3532417497031942,0.18343370395596015,0.8300000000000001,45,41,2.7929302188476317, 
0.21281325455730782,0.24541438449589084,0.3054181056658986,0.38166666095133545,0.461734296643594,0.5451896259552027,0.608301280051985,0.6620549355180236,0.6929743413178812,0.7136630253220045,0.7141635231588521,0.7055500383495741,0.6701058309787892,0.6234552235344448,0.5403980143522061,0.44339135951567094,0.3399606679900645,0.23489924215239114,0.16870285760947687,0.11577671696000928,0.09742926771864956,0.08968867268092094,0.10900980466988666,0.13639228302587017,0.17958152296423996,0.22616780408170364,0.2478734284077536,0.26228638598531123,0.243360483570585,0.21641789050790766,0.17676961537570263,0.13448302880040375,0.10167335083083791,0.07112992570821064,0.05836323601593485,0.050099945938736325,0.0652329164602099,0.08830680678084367,0.13941883984538478,0.20760014756442932,0.18343370395596018,0.8300000000000001,46,42,2.79293021884763, 
0.16330049472549074,0.18977972127362494,0.23420884172183895,0.30706707256526633,0.39408926178754317,0.4811547335290453,0.5671502528403227,0.6293960148991536,0.6787551947554703,0.7044392692621291,0.7191254574773077,0.7119389310291162,0.6949062187518217,0.6471809487207716,0.5865915781040858,0.49129576288781684,0.38374588675467874,0.28490025306217615,0.19082877304899387,0.13888735393871993,0.1007225813626156,0.09426821210018492,0.09714082628117283,0.1276898790478524,0.16553073424142778,0.20669675556498254,0.24805029765212397,0.2537116847254207,0.2513760279431691,0.21989781669075117,0.18309969223893502,0.14262137329594896,0.10160253856657778,0.07670328411657831,0.05417005477987754,0.05389165060698374,0.05498743261107935,0.3974001501674023,0.5385026552554438,0.353241749703194,0.18343370395596018,0.8300000000000001,47,42,2.7929302188476317, 
0.21281325455730782,0.24541438449589084,0.3054181056658986,0.38166666095133545,0.461734296643594,0.5451896259552027,0.608301280051985,0.6620549355180235,0.6929743413178812,0.7136630253220045,0.7141635231588521,0.7055500383495741,0.6701058309787892,0.6234552235344448,0.5403980143522061,0.44339135951567094,0.3399606679900645,0.23489924215239114,0.16870285760947687,0.11577671696000928,0.09742926771864956,0.08968867268092093,0.10900980466988668,0.13639228302587017,0.17958152296423996,0.22616780408170364,0.2478734284077536,0.26228638598531134,0.24336048357058498,0.21641789050790766,0.1767696153757026,0.13448302880040375,0.10167335083083791,0.07112992570821063,0.05836323601593485,0.050099945938736325,0.06523291646020989,0.08830680678084367,0.13941883984538478,0.20760014756442935,0.18343370395596018,0.8300000000000001,48,40,2.79293021884763, 
0.229403093659549,0.1911296922580354,0.1709086726726748,0.1821830673611551,0.21615806837112436,0.28345278615354796,0.36635267198560667,0.4533796538836243,0.5426230225082895,0.6086084026155947,0.664478606601764,0.6954697036354196,0.7163174304558415,0.7158914750515828,0.7072982123777967,0.6708862010275426,0.6055027818611762,0.5126541073627643,0.40676548259203776,0.3041098461133683,0.20436304412267964,0.14795992133143704,0.10470623181079054,0.09536016278404687,0.09517887374616311,0.12375573387671211,0.15965300708047464,0.20235779793873337,0.24581902907064943,0.25354823185136605,0.25412188620443127,0.22365186949504792,0.1877799795386152,0.14658175239547175,0.10470346154968978,0.0786581406863799,0.054995751183384824,0.14666799350696907,0.266819763488484,0.5764885418920408,0.9197970499588913,0.8300000000000001,49,43,2.7929302188476317, 
0.21281325455730782,0.24541438449589087,0.3054181056658986,0.3816666609513354,0.461734296643594,0.5451896259552027,0.608301280051985,0.6620549355180236,0.6929743413178812,0.7136630253220044,0.7141635231588521,0.7055500383495741,0.6701058309787892,0.6234552235344444,0.5403980143522061,0.44339135951567094,0.3399606679900645,0.23489924215239114,0.16870285760947687,0.11577671696000928,0.0974292677186496,0.08968867268092093,0.10900980466988668,0.13639228302587014,0.17958152296423996,0.22616780408170364,0.2478734284077536,0.2622863859853113,0.24336048357058498,0.21641789050790766,0.1767696153757026,0.13448302880040375,0.10167335083083791,0.07112992570821064,0.05836323601593485,0.050099945938736325,0.06523291646020989,0.08830680678084367,0.13941883984538478,0.20760014756442932,0.18343370395596015,0.8300000000000001,50,41,2.79293021884763, 
0.229403093659549,0.1911296922580354,0.1709086726726748,0.1821830673611551,0.2161580683711244,0.28345278615354796,0.36635267198560667,0.4533796538836243,0.54262302250829,0.6086084026155946,0.6644786066017636,0.6954697036354196,0.7163174304558415,0.7158914750515825,0.7072982123777968,0.6708862010275426,0.6055027818611762,0.5126541073627643,0.40676548259203776,0.3041098461133683,0.20436304412267964,0.14795992133143704,0.10470623181079054,0.09536016278404687,0.09517887374616316,0.12375573387671211,0.15965300708047464,0.2023577979387334,0.24581902907064943,0.25354823185136605,0.25412188620443127,0.22365186949504792,0.1877799795386152,0.14658175239547172,0.10470346154968979,0.07865814068637991,0.05499575118338481,0.14666799350696907,0.26681976348848396,0.5764885418920409,0.9197970499588913,0.8300000000000001,51,43,2.7929302188476317, 
0.16330049472549074,0.18977972127362494,0.23420884172183878,0.30706707256526633,0.394089261787543,0.4811547335290454,0.5671502528403228,0.6293960148991538,0.6787551947554704,0.7044392692621291,0.7191254574773077,0.7119389310291162,0.6949062187518217,0.6471809487207716,0.5865915781040857,0.49129576288781684,0.38374588675467874,0.28490025306217615,0.19082877304899387,0.13888735393872004,0.10072258136261558,0.09426821210018492,0.09714082628117283,0.1276898790478524,0.16553073424142778,0.20669675556498254,0.248050297652124,0.2537116847254207,0.25137602794316916,0.21989781669075117,0.18309969223893502,0.14262137329594896,0.10160253856657778,0.07670328411657826,0.05417005477987754,0.05389165060698374,0.05498743261107938,0.3974001501674024,0.5385026552554438,0.35324174970319405,0.18343370395596018,0.8300000000000001,52,40,2.7929302188476317, 
0.15785469073305852,0.14243065668530003,0.15715548634137202,0.18846149294385534,0.2571048992580113,0.3449505902671621,0.4397526081126354,0.5366141083942131,0.6072576182059964,0.6650281053116077,0.6964440156656926,0.7163415226679407,0.7142067785291312,0.7029833398330368,0.662563141571358,0.6106624702444873,0.4815158428834597,0.3731292244435779,0.2760315681355636,0.18460723364113904,0.1352771334082463,0.09912107990844411,0.09373253287339688,0.09698986370602729,0.12775980406537915,0.16568277398783862,0.20797688884968132,0.25058568023209016,0.2575256797694404,0.25703557032689195,0.22702290583319265,0.19219329005912153,0.15222077054181188,0.1115121387524345,0.08538902536333334,0.060995949059965304,0.056202764597502765,0.05320044914869093,0.08876708764148115,0.12226609314670853,0.18343370395596018,0.8300000000000001,53,40,2.792930218847631, 
0.15785469073305863,0.14243065668530003,0.15715548634137202,0.18846149294385534,0.2571048992580113,0.3449505902671621,0.4397526081126354,0.5366141083942131,0.6072576182059964,0.6650281053116077,0.6964440156656926,0.7163415226679406,0.7142067785291311,0.7029833398330368,0.662563141571358,0.6106624702444873,0.4815158428834598,0.3731292244435779,0.2760315681355636,0.18460723364113904,0.1352771334082463,0.09912107990844411,0.09373253287339688,0.09698986370602729,0.12775980406537915,0.16568277398783862,0.20797688884968132,0.25058568023209016,0.25752567976944046,0.25703557032689195,0.22702290583319265,0.19219329005912153,0.1522207705418119,0.1115121387524345,0.08538902536333334,0.060995949059965304,0.056202764597502765,0.05320044914869093,0.08876708764148114,0.12226609314670853,0.18343370395596018,0.8300000000000001,54,42,2.7929302188476304, 
0.15785469073305852,0.14243065668530003,0.15715548634137202,0.18846149294385534,0.2571048992580113,0.3449505902671621,0.43975260811263533,0.5366141083942131,0.6072576182059964,0.6650281053116078,0.6964440156656926,0.7163415226679406,0.7142067785291312,0.7029833398330372,0.6625631415713584,0.6106624702444873,0.4815158428834598,0.3731292244435779,0.2760315681355636,0.18460723364113904,0.1352771334082463,0.09912107990844411,0.09373253287339688,0.09698986370602729,0.12775980406537915,0.16568277398783862,0.20797688884968132,0.25058568023209016,0.2575256797694404,0.25703557032689195,0.2270229058331926,0.19219329005912153,0.15222077054181188,0.1115121387524345,0.08538902536333334,0.06099594905996531,0.056202764597502765,0.05320044914869094,0.08876708764148114,0.12226609314670853,0.18343370395596015,0.8300000000000001,55,41,2.7929302188476304, 
0.17391552610588695,0.24727078840059372,0.3325311193445538,0.4384130576701833,0.5324795417082243,0.6127198444608021,0.6686994170524544,0.705955014723534,0.7209771599561388,0.7246322980140978,0.7029562820344394,0.6726116276126348,0.5961235447173792,0.5115123550543333,0.38260836514069746,0.2564590683828709,0.1712652200330506,0.09875638496418164,0.07401914309846912,0.0580242789307719,0.061616736817071256,0.0741859576936258,0.10037864596409711,0.13087107901706124,0.16526643238927494,0.18457009433758303,0.19331022379986046,0.17873879698672196,0.15394868202212783,0.11765109081748214,0.07849880359071085,0.04991142121793942,0.022982983642682277,0.013227973362699597,0.004896661622725521,0.0035465433534885077,0.004360987785356423,0.012211082920053472,0.01688731406407746,0.01669307416489365,0.012939446565501948,1.1600000000000001,56,14,2.914631572204942, 
0.23127426331952652,0.21556527260308828,0.23596430605405558,0.276363034722972,0.34585926933750605,0.4269420914042951,0.5187331414643149,0.5933761110052893,0.656204118304738,0.6934054342490079,0.7196347571491871,0.7219742660634345,0.7182248555722907,0.6841351489484884,0.6449605174337976,0.554732667950802,0.45830946815808715,0.33039382115860005,0.21529983454788978,0.14066130435810692,0.0858161707871267,0.06597262109111482,0.057675813586981726,0.06315881516995336,0.0802574887771925,0.1069899718259124,0.13839919090533506,0.17203522450922956,0.18664334210310005,0.19472389922916117,0.17554667635615218,0.15189263918791968,0.11473077199753036,0.07770984437723948,0.050157457744492144,0.025449691673410862,0.014697308013333328,0.006243046546868507,0.003912132094821343,0.0027279400798666505,0.003402218696007431,1.1600000000000001,57,12,2.914631572204942, 
0.1928977026919519,0.21981358817540722,0.2833417377734709,0.35918557794436745,0.4541929536814611,0.5396055532674858,0.6159773893552318,0.6688969303516584,0.70701345130676,0.7221441009524348,0.7283252820302805,0.708647664562765,0.6826002455935883,0.6114234747678025,0.5340231220960393,0.4066440682832013,0.2831258068070478,0.18840123212879054,0.10966940553943293,0.07906977116914268,0.05929728102148577,0.059380649515015864,0.06919520233108835,0.0911720125805717,0.12037193275774778,0.15508980149508836,0.17745881601211047,0.19224182373178694,0.18230291305818844,0.1633077401249095,0.1285905096920861,0.09071351753383249,0.05950936306151387,0.030163046235396566,0.017211903022928795,0.006994216435896331,0.004281383293698717,0.002777195556847261,0.004552243235600655,0.006624570353904594,0.00800144342012765,1.1600000000000001,58,13,2.9146315722049407, 
0.23127426331952652,0.21556527260308828,0.23596430605405558,0.276363034722972,0.34585926933750605,0.4269420914042951,0.5187331414643149,0.5933761110052893,0.656204118304738,0.6934054342490079,0.7196347571491871,0.7219742660634345,0.7182248555722903,0.6841351489484884,0.6449605174337976,0.554732667950802,0.45830946815808715,0.33039382115860005,0.2152998345478898,0.14066130435810692,0.0858161707871267,0.06597262109111482,0.057675813586981726,0.06315881516995335,0.0802574887771925,0.1069899718259124,0.13839919090533506,0.17203522450922956,0.18664334210310005,0.19472389922916117,0.17554667635615215,0.15189263918791968,0.11473077199753036,0.07770984437723949,0.050157457744492144,0.025449691673410862,0.014697308013333328,0.006243046546868507,0.003912132094821343,0.0027279400798666505,0.003402218696007431,1.1600000000000001,59,17,2.914631572204942, 
0.1928977026919519,0.21981358817540722,0.2833417377734709,0.35918557794436723,0.4541929536814611,0.5396055532674858,0.6159773893552318,0.6688969303516584,0.7070134513067596,0.7221441009524348,0.7283252820302805,0.708647664562765,0.6826002455935882,0.6114234747678025,0.5340231220960393,0.4066440682832013,0.2831258068070478,0.18840123212879054,0.10966940553943293,0.07906977116914268,0.05929728102148578,0.059380649515015864,0.06919520233108835,0.09117201258057166,0.12037193275774775,0.15508980149508833,0.17745881601211047,0.19224182373178691,0.18230291305818844,0.16330774012490948,0.1285905096920861,0.09071351753383249,0.05950936306151388,0.030163046235396566,0.017211903022928795,0.006994216435896331,0.004281383293698717,0.002777195556847261,0.004552243235600655,0.006624570353904594,0.00800144342012765,1.1600000000000001,60,15,2.9146315722049407, 
0.17391552610588704,0.24727078840059372,0.3325311193445538,0.4384130576701833,0.5324795417082243,0.612719844460802,0.6686994170524543,0.705955014723534,0.7209771599561388,0.7246322980140978,0.7029562820344395,0.6726116276126347,0.5961235447173792,0.5115123550543335,0.38260836514069746,0.2564590683828709,0.1712652200330506,0.09875638496418164,0.0740191430984691,0.05802427893077191,0.06161673681707126,0.07418595769362579,0.10037864596409711,0.13087107901706124,0.16526643238927494,0.18457009433758303,0.19331022379986043,0.17873879698672196,0.15394868202212783,0.11765109081748214,0.07849880359071085,0.04991142121793942,0.022982983642682288,0.013227973362699595,0.004896661622725522,0.0035465433534885072,0.004360987785356423,0.01221108292005347,0.01688731406407746,0.01669307416489365,0.012939446565501948,1.1600000000000001,61,16,2.914631572204942, 
0.19289770269195192,0.21981358817540717,0.2833417377734709,0.3591855779443674,0.454192953681461,0.5396055532674858,0.6159773893552318,0.6688969303516588,0.70701345130676,0.7221441009524343,0.7283252820302805,0.7086476645627648,0.6826002455935882,0.6114234747678025,0.5340231220960393,0.4066440682832013,0.2831258068070476,0.18840123212879054,0.10966940553943291,0.07906977116914268,0.05929728102148577,0.059380649515015864,0.06919520233108835,0.09117201258057166,0.12037193275774778,0.15508980149508833,0.17745881601211047,0.19224182373178691,0.1823029130581884,0.1633077401249095,0.1285905096920861,0.09071351753383249,0.05950936306151387,0.030163046235396566,0.017211903022928795,0.006994216435896331,0.004281383293698717,0.002777195556847261,0.004552243235600655,0.006624570353904594,0.00800144342012765,1.1600000000000001,62,20,2.9146315722049407, 
0.17391552610588695,0.24727078840059372,0.33253111934455376,0.4384130576701833,0.5324795417082242,0.6127198444608021,0.6686994170524543,0.705955014723534,0.7209771599561391,0.7246322980140978,0.7029562820344394,0.6726116276126348,0.5961235447173792,0.5115123550543335,0.38260836514069746,0.25645906838287097,0.1712652200330506,0.09875638496418164,0.07401914309846912,0.0580242789307719,0.061616736817071256,0.0741859576936258,0.10037864596409711,0.13087107901706124,0.16526643238927496,0.18457009433758303,0.19331022379986046,0.17873879698672196,0.15394868202212786,0.11765109081748214,0.07849880359071085,0.04991142121793942,0.022982983642682274,0.013227973362699597,0.004896661622725521,0.0035465433534885072,0.004360987785356423,0.01221108292005347,0.01688731406407746,0.01669307416489365,0.012939446565501948,1.1600000000000001,63,18,2.914631572204942, 
0.23127426331952647,0.21556527260308828,0.23596430605405558,0.276363034722972,0.34585926933750605,0.4269420914042952,0.518733141464315,0.5933761110052893,0.6562041183047381,0.6934054342490079,0.7196347571491871,0.7219742660634345,0.7182248555722903,0.6841351489484884,0.6449605174337975,0.5547326679508024,0.45830946815808715,0.33039382115860005,0.21529983454788978,0.14066130435810692,0.0858161707871267,0.06597262109111482,0.05767581358698174,0.06315881516995335,0.0802574887771925,0.1069899718259124,0.13839919090533506,0.17203522450922956,0.18664334210310002,0.19472389922916117,0.17554667635615215,0.15189263918791968,0.11473077199753036,0.07770984437723948,0.050157457744492144,0.025449691673410862,0.01469730801333333,0.006243046546868507,0.003912132094821343,0.0027279400798666505,0.003402218696007431,1.1600000000000001,64,19,2.914631572204942, 
0.1552095414355317,0.16728864446810526,0.1979062913422598,0.26274294766170675,0.34301154950816576,0.4442572854770391,0.5369899699525593,0.6181985603908854,0.6707895730183593,0.7086755572508123,0.7208773414206783,0.7249831564814835,0.700687783661447,0.6716156958247097,0.5929060637496252,0.5079901396234006,0.379130597643886,0.25684157236062616,0.16855317564015132,0.09930378813715476,0.07302669694709976,0.058518544542631515,0.061271457525101644,0.07516781137363927,0.10040961044134795,0.13172107263722263,0.16670865683620267,0.184890496803654,0.19503751487977178,0.17840055077858047,0.1549785769258825,0.1178848296052941,0.07946800830466817,0.051159985792416665,0.025189478223545,0.014430717967402617,0.00585989024274565,0.0038559923322054454,0.005478168964294607,0.015120285107833675,0.020854683733531165,1.1600000000000001,65,23,2.914631572204941, 
0.1552095414355317,0.16728864446810535,0.19790629134225976,0.26274294766170675,0.3430115495081657,0.4442572854770391,0.5369899699525593,0.6181985603908855,0.6707895730183593,0.7086755572508123,0.7208773414206782,0.7249831564814836,0.700687783661447,0.6716156958247097,0.5929060637496252,0.5079901396234006,0.37913059764388607,0.25684157236062616,0.16855317564015135,0.09930378813715476,0.07302669694709975,0.05851854454263151,0.061271457525101644,0.07516781137363929,0.10040961044134795,0.13172107263722263,0.16670865683620267,0.184890496803654,0.19503751487977178,0.17840055077858044,0.1549785769258825,0.1178848296052941,0.07946800830466817,0.05115998579241667,0.025189478223545,0.014430717967402617,0.0058598902427456495,0.003855992332205445,0.005478168964294607,0.015120285107833675,0.020854683733531162,1.1600000000000001,66,21,2.914631572204941, 
0.1552095414355317,0.16728864446810535,0.19790629134225976,0.26274294766170675,0.34301154950816576,0.4442572854770394,0.5369899699525593,0.6181985603908855,0.6707895730183593,0.7086755572508123,0.7208773414206782,0.7249831564814835,0.700687783661447,0.6716156958247096,0.5929060637496252,0.5079901396234006,0.37913059764388607,0.25684157236062616,0.16855317564015135,0.09930378813715476,0.07302669694709975,0.05851854454263151,0.061271457525101644,0.07516781137363927,0.10040961044134795,0.13172107263722263,0.16670865683620267,0.18489049680365396,0.1950375148797718,0.17840055077858044,0.1549785769258825,0.1178848296052941,0.07946800830466817,0.051159985792416665,0.025189478223545003,0.014430717967402617,0.00585989024274565,0.003855992332205444,0.005478168964294608,0.015120285107833675,0.020854683733531162,1.1600000000000001,67,22,2.914631572204941, 
0.0031582504532698366,0.0028381375473689606,0.0025845023618373446,0.0039714992107209015,0.006985193102228408,0.016517658399253708,0.029290172696720844,0.056603464929790494,0.08724817291320354,0.12606631880279645,0.16350603488462154,0.18601103194257937,0.20026435333435946,0.19003296641853049,0.1699000120632649,0.1349530462044885,0.10348820158661878,0.07489144018487559,0.060504196048843925,0.052345320840659695,0.06300446968726592,0.07735673834806936,0.14060208290159745,0.21413433256625428,0.3444463344591507,0.46835357445898956,0.575528599838645,0.6567098217854409,0.7047143589934566,0.731190445551846,0.7423547449849187,0.7330411076282389,0.7157970118685302,0.6696139755593025,0.6173692924117908,0.5329262036402601,0.4468960411173378,0.36132424126595486,0.28906190194800285,0.24654158858524147,0.22940309365954897,1.1600000000000001,0,44,2.953114243916241, 
0.0031582504532698366,0.00534591870858168,0.005414960104776994,0.0031509517552075644,0.0029956689050338416,0.004547313868623192,0.010451383610306553,0.018976056957372176,0.040141569225967164,0.06486424983953722,0.1040231083122609,0.14267746143650942,0.17299311161395153,0.194239154160528,0.19339626933669113,0.17931755056994184,0.14842779464995814,0.11624696294842592,0.08385279125209547,0.06534019874563426,0.05226902440146853,0.05647931938447578,0.06477410938712745,0.10847027080799873,0.1663504900164345,0.27950469932385597,0.39553009613093965,0.5155724140432928,0.6067444799930881,0.6698450407637928,0.7053583982400047,0.7267364964585734,0.7240673254658033,0.71596273112282,0.6753541054085106,0.6286640183268803,0.545338477465009,0.2753226406696364,0.21018212752600185,0.1762845774215623,0.1739155261058871,1.1600000000000001,0,56,2.984556294624455, 
0.01117321274109916,0.005417208441379889,0.0034410131782932887,0.005767075711007043,0.013699069233620157,0.025644031548662797,0.05130706932223372,0.08194829901045929,0.12117330558682894,0.16084852137178338,0.18425684320981978,0.20130001626992874,0.19052253139175765,0.1713164947033919,0.13530736286384729,0.10299489626630622,0.07489181854139246,0.06017463944080957,0.053567794211153416,0.06574874175290579,0.08367185955528035,0.15208219650733074,0.22922738232200987,0.36346250881211056,0.4901865403004733,0.5897418415576946,0.6678703855780269,0.7090240709479902,0.7318166520652732,0.7371754791830976,0.7222119985559237,0.6967117749447572,0.6390851640067192,0.5736384857076179,0.4725249447795009,0.37078277833781303,0.2796732374382307,0.20213333659878321,0.16496049636323268,0.14859704746679744,0.16330049472549074,1.1600000000000001,1,45,2.953114243916241, 
0.01117321274109916,0.006191053427656325,0.002878852145177729,0.003441149246873199,0.006802105290139916,0.01311734031666766,0.028924165191130943,0.05007906177203742,0.08435069697776257,0.12182172732164795,0.1553541812198332,0.18529431139141467,0.1909996656419605,0.18785760800133194,0.16156710851777206,0.13174721246611082,0.09757361152638212,0.07334514146565627,0.0568011242072971,0.05441363267200837,0.05753012448350684,0.08836536348934207,0.1265083846473762,0.22814889264685786,0.33594939843931076,0.46259430294942155,0.5704531394266105,0.6433672002672698,0.6929002818742411,0.7197355276018181,0.7263259183493068,0.7220195754154677,0.692013392925227,0.6557060465376867,0.5819099892952739,0.5033394822119206,0.4052086210054216,0.20515775247754645,0.18857399104594816,0.19493997902197746,0.23127426331952652,1.1600000000000001,1,57,2.984556294624455, 
0.007656784847276929,0.008668984056226205,0.0059199514421428906,0.004037215115897332,0.0028855160212144936,0.004469928302459457,0.007407584860591172,0.018434162548226628,0.03149574210591282,0.0620482934347801,0.0947478848413781,0.13462317861319945,0.16958463952978658,0.19071694700470404,0.19787282161087635,0.1847258022905421,0.15872939967809058,0.1225414099968274,0.09294179644186953,0.06641696898271346,0.057595239750456,0.0521158361088989,0.07089602230887147,0.09789206345560449,0.17274317462113262,0.2649899873611119,0.39901477161144255,0.5170606428449939,0.6143996666731741,0.6781902926554536,0.7183385423769829,0.7326382684991178,0.7375248156825719,0.7152388656167828,0.688603506960007,0.624178124983617,0.5541988634235901,0.4551551677606013,0.36083704164016084,0.2742662522499223,0.21281325455730782,1.1600000000000001,2,46,2.9531142439162403, 
0.007656784847276929,0.0031774650607919543,0.0037353441633429245,0.006773727025828719,0.01333078796928495,0.028494267713900283,0.05022875409170013,0.08400309858979393,0.12228544049696535,0.1567626160027617,0.18952789600352574,0.19534774763827054,0.19432303491886999,0.16706714647742535,0.1367416005914966,0.10150201310849215,0.07531897154247004,0.05836652253885003,0.05442094499260194,0.057556146721708036,0.08656632328696653,0.12261629134440641,0.2234323659090031,0.33086580006946237,0.4584265864176424,0.5707910957149045,0.6432449202568986,0.6956642956950646,0.7219355500576403,0.7302827556589631,0.7253976387673247,0.6964424356296537,0.6588804674985929,0.5859190484382886,0.5067941961003763,0.4063495713924209,0.3111649007382202,0.24030677514273954,0.1908208792866808,0.17801135013378924,0.1928977026919519,1.1600000000000001,2,58,2.9845562946244555, 
0.01117321274109916,0.00541720844137989,0.0034410131782932887,0.005767075711007043,0.013699069233620157,0.025644031548662793,0.05130706932223372,0.08194829901045929,0.12117330558682894,0.16084852137178338,0.18425684320981978,0.20130001626992874,0.19052253139175765,0.1713164947033919,0.13530736286384729,0.10299489626630622,0.07489181854139246,0.06017463944080957,0.053567794211153416,0.06574874175290579,0.08367185955528035,0.15208219650733085,0.22922738232200984,0.36346250881211056,0.4901865403004733,0.5897418415576946,0.6678703855780269,0.7090240709479902,0.7318166520652732,0.7371754791830979,0.7222119985559237,0.6967117749447571,0.6390851640067192,0.5736384857076179,0.4725249447795009,0.37078277833781303,0.2796732374382307,0.2021333365987831,0.16496049636323268,0.14859704746679744,0.16330049472549074,1.1600000000000001,3,47,2.953114243916241, 
0.01117321274109916,0.006191053427656325,0.0028788521451777295,0.0034411492468731987,0.006802105290139916,0.01311734031666766,0.028924165191130943,0.05007906177203739,0.08435069697776257,0.12182172732164795,0.1553541812198332,0.1852943113914147,0.19099966564196053,0.18785760800133194,0.16156710851777206,0.13174721246611082,0.09757361152638214,0.07334514146565621,0.05680112420729709,0.05441363267200837,0.05753012448350684,0.08836536348934207,0.1265083846473762,0.22814889264685786,0.3359493984393106,0.46259430294942155,0.5704531394266105,0.6433672002672698,0.6929002818742411,0.7197355276018181,0.7263259183493068,0.7220195754154677,0.6920133929252271,0.6557060465376867,0.5819099892952738,0.5033394822119206,0.4052086210054216,0.20515775247754656,0.18857399104594816,0.19493997902197743,0.23127426331952652,1.1600000000000001,3,59,2.9845562946244555, 
0.007656784847276928,0.008668984056226205,0.0059199514421428906,0.004037215115897335,0.0028855160212144927,0.004469928302459457,0.007407584860591172,0.018434162548226628,0.03149574210591281,0.0620482934347801,0.0947478848413781,0.13462317861319947,0.16958463952978658,0.19071694700470404,0.19787282161087633,0.1847258022905421,0.15872939967809058,0.1225414099968274,0.09294179644186953,0.06641696898271346,0.05759523975045601,0.0521158361088989,0.07089602230887147,0.09789206345560449,0.1727431746211326,0.2649899873611119,0.3990147716114426,0.5170606428449939,0.614399666673174,0.6781902926554537,0.7183385423769829,0.7326382684991178,0.7375248156825721,0.7152388656167828,0.688603506960007,0.624178124983617,0.5541988634235901,0.4551551677606013,0.36083704164016084,0.2742662522499223,0.21281325455730782,1.1600000000000001,4,48,2.9531142439162403, 
0.007656784847276928,0.0031774650607919543,0.0037353441633429245,0.006773727025828717,0.01333078796928495,0.028494267713900283,0.05022875409170013,0.08400309858979395,0.12228544049696534,0.15676261600276173,0.18952789600352574,0.19534774763827062,0.19432303491886999,0.16706714647742532,0.1367416005914967,0.10150201310849215,0.07531897154247005,0.05836652253885003,0.05442094499260194,0.057556146721708036,0.08656632328696653,0.12261629134440641,0.2234323659090031,0.3308658000694623,0.4584265864176424,0.5707910957149044,0.6432449202568986,0.6956642956950645,0.7219355500576403,0.7302827556589631,0.7253976387673247,0.6964424356296537,0.6588804674985927,0.5859190484382886,0.5067941961003763,0.4063495713924209,0.3111649007382203,0.24030677514273954,0.19082087928668082,0.17801135013378924,0.1928977026919519,1.1600000000000001,4,60,2.9845562946244555, 
0.0031582504532698366,0.002838137547368961,0.0025845023618373446,0.0039714992107209015,0.006985193102228408,0.016517658399253708,0.02929017269672084,0.0566034649297905,0.08724817291320355,0.12606631880279645,0.16350603488462154,0.1860110319425794,0.20026435333435946,0.1900329664185305,0.1699000120632649,0.1349530462044885,0.1034882015866188,0.07489144018487559,0.060504196048843925,0.052345320840659716,0.06300446968726592,0.07735673834806936,0.14060208290159745,0.2141343325662542,0.3444463344591507,0.46835357445898956,0.575528599838645,0.6567098217854409,0.704714358993457,0.7311904455518461,0.7423547449849187,0.7330411076282389,0.7157970118685302,0.6696139755593025,0.6173692924117908,0.5329262036402601,0.4468960411173378,0.36132424126595486,0.28906190194800285,0.24654158858524147,0.229403093659549,1.1600000000000001,5,49,2.953114243916241, 
0.0031582504532698366,0.00534591870858168,0.005414960104776994,0.0031509517552075644,0.0029956689050338416,0.004547313868623192,0.010451383610306553,0.018976056957372176,0.040141569225967164,0.06486424983953722,0.1040231083122609,0.14267746143650942,0.17299311161395153,0.194239154160528,0.19339626933669113,0.17931755056994184,0.14842779464995814,0.1162469629484258,0.08385279125209547,0.06534019874563426,0.05226902440146853,0.05647931938447578,0.06477410938712745,0.10847027080799873,0.1663504900164345,0.27950469932385597,0.39553009613093965,0.5155724140432928,0.6067444799930881,0.6698450407637927,0.7053583982400047,0.7267364964585734,0.7240673254658033,0.71596273112282,0.6753541054085106,0.6286640183268803,0.545338477465009,0.2753226406696364,0.21018212752600182,0.17628457742156228,0.1739155261058871,1.1600000000000001,5,61,2.9845562946244546, 
0.007656784847276929,0.008668984056226198,0.0059199514421428906,0.004037215115897332,0.002885516021214493,0.004469928302459457,0.007407584860591172,0.01843416254822663,0.03149574210591282,0.06204829343478006,0.0947478848413781,0.13462317861319945,0.16958463952978658,0.19071694700470404,0.19787282161087635,0.1847258022905421,0.15872939967809058,0.1225414099968274,0.09294179644186953,0.06641696898271346,0.05759523975045601,0.0521158361088989,0.07089602230887147,0.0978920634556045,0.1727431746211326,0.2649899873611119,0.39901477161144255,0.5170606428449938,0.614399666673174,0.6781902926554536,0.7183385423769832,0.7326382684991177,0.7375248156825719,0.7152388656167828,0.688603506960007,0.624178124983617,0.5541988634235901,0.45515516776060133,0.36083704164016084,0.2742662522499223,0.21281325455730782,1.1600000000000001,6,50,2.9531142439162403, 
0.007656784847276929,0.0031774650607919543,0.003735344163342925,0.006773727025828719,0.01333078796928495,0.028494267713900283,0.05022875409170012,0.08400309858979393,0.12228544049696535,0.15676261600276173,0.18952789600352574,0.19534774763827054,0.19432303491886999,0.16706714647742535,0.1367416005914967,0.10150201310849212,0.07531897154247004,0.05836652253885003,0.05442094499260194,0.057556146721708036,0.08656632328696655,0.12261629134440641,0.22343236590900326,0.33086580006946237,0.4584265864176424,0.5707910957149045,0.6432449202568985,0.6956642956950645,0.7219355500576404,0.7302827556589631,0.7253976387673247,0.6964424356296537,0.6588804674985929,0.5859190484382886,0.5067941961003763,0.4063495713924209,0.3111649007382203,0.24030677514273932,0.19082087928668076,0.17801135013378924,0.19289770269195192,1.1600000000000001,6,62,2.984556294624456, 
0.0031582504532698375,0.002838137547368961,0.0025845023618373446,0.0039714992107209015,0.006985193102228408,0.016517658399253708,0.02929017269672084,0.0566034649297905,0.08724817291320355,0.12606631880279645,0.16350603488462154,0.1860110319425794,0.20026435333435946,0.19003296641853049,0.1699000120632649,0.1349530462044885,0.1034882015866188,0.0748914401848756,0.060504196048843925,0.052345320840659716,0.06300446968726592,0.07735673834806936,0.14060208290159745,0.21413433256625422,0.3444463344591507,0.46835357445898945,0.5755285998386455,0.6567098217854409,0.704714358993457,0.731190445551846,0.7423547449849186,0.7330411076282389,0.7157970118685302,0.6696139755593025,0.6173692924117907,0.5329262036402601,0.4468960411173378,0.36132424126595486,0.28906190194800285,0.24654158858524147,0.229403093659549,1.1600000000000001,7,51,2.953114243916241, 
0.0031582504532698375,0.005345918708581679,0.005414960104776993,0.0031509517552075644,0.0029956689050338416,0.004547313868623192,0.010451383610306553,0.018976056957372176,0.04014156922596717,0.06486424983953722,0.1040231083122609,0.14267746143650942,0.17299311161395153,0.194239154160528,0.19339626933669113,0.17931755056994184,0.14842779464995814,0.11624696294842589,0.08385279125209547,0.06534019874563426,0.05226902440146853,0.056479319384475736,0.06477410938712745,0.10847027080799873,0.1663504900164345,0.27950469932385597,0.39553009613093965,0.5155724140432928,0.6067444799930881,0.6698450407637928,0.7053583982400047,0.7267364964585734,0.7240673254658033,0.71596273112282,0.6753541054085106,0.6286640183268802,0.5453384774650089,0.2753226406696364,0.21018212752600182,0.1762845774215624,0.1739155261058871,1.1600000000000001,7,63,2.9845562946244546, 
0.01117321274109916,0.00541720844137989,0.0034410131782932887,0.005767075711007043,0.013699069233620157,0.025644031548662793,0.05130706932223372,0.08194829901045929,0.12117330558682894,0.16084852137178338,0.18425684320981978,0.20130001626992877,0.19052253139175765,0.1713164947033919,0.13530736286384729,0.10299489626630622,0.07489181854139246,0.060174639440809564,0.053567794211153416,0.06574874175290579,0.08367185955528035,0.15208219650733085,0.22922738232200984,0.36346250881211073,0.4901865403004733,0.5897418415576945,0.6678703855780269,0.7090240709479902,0.7318166520652732,0.7371754791830979,0.7222119985559237,0.6967117749447572,0.6390851640067192,0.5736384857076179,0.47252494477950097,0.37078277833781303,0.27967323743823064,0.20213333659878327,0.16496049636323268,0.14859704746679747,0.16330049472549074,1.1600000000000001,8,52,2.953114243916241, 
0.01117321274109916,0.006191053427656325,0.0028788521451777295,0.003441149246873198,0.006802105290139916,0.01311734031666766,0.02892416519113095,0.05007906177203739,0.08435069697776257,0.12182172732164796,0.1553541812198333,0.1852943113914147,0.19099966564196053,0.18785760800133194,0.16156710851777206,0.13174721246611082,0.09757361152638212,0.07334514146565621,0.0568011242072971,0.05441363267200837,0.05753012448350684,0.08836536348934211,0.1265083846473762,0.22814889264685786,0.3359493984393106,0.46259430294942155,0.5704531394266105,0.64336720026727,0.6929002818742411,0.7197355276018181,0.7263259183493067,0.7220195754154676,0.6920133929252271,0.6557060465376867,0.5819099892952739,0.5033394822119206,0.4052086210054216,0.20515775247754656,0.18857399104594816,0.19493997902197746,0.23127426331952647,1.1600000000000001,8,64,2.984556294624455, 
0.020265487903442684,0.013963949012465693,0.00835370847099923,0.004222227095415067,0.0036141986476455968,0.005636844502688454,0.01425677020052273,0.02514971228183543,0.05237853595390592,0.08201777220386276,0.12280765909981152,0.16087927821624268,0.18599910937275463,0.19973573293838673,0.1905089614791528,0.1685534565791529,0.1327901396812119,0.10118028450888518,0.07220828574586112,0.05980489303280847,0.052393803954043784,0.0669003826366528,0.08715443859876727,0.15694788563001366,0.24105517060805906,0.37507886872981894,0.49795824060378563,0.600598613957472,0.6726776209481719,0.7156507066754466,0.7344137255602405,0.7405025862451021,0.7214294109104429,0.6959312849964967,0.6325108998189319,0.5631233126561926,0.4597313349356905,0.35886564147657024,0.26643165656088474,0.19575556224483123,0.15785469073305852,1.1600000000000001,9,53,2.9531142439162408, 
0.020265487903442684,0.024517188086104376,0.010324637826895714,0.0031289561512778817,0.0032154802969661532,0.0063546842647428875,0.011818364396262295,0.027665822875731598,0.047532656465657845,0.08292122955286571,0.12116192525284482,0.15675498044659403,0.1865919523169207,0.19388797402597172,0.1892449693586227,0.16289392386876342,0.1318660204777675,0.09666725822116985,0.07316648739340234,0.05612666929632081,0.05520356006775077,0.05847718879015575,0.09296987034516536,0.13779349252571693,0.24279471678685877,0.3546813529642433,0.4821484556912247,0.5855006781883886,0.6565935792625883,0.7008247349042503,0.7258004594191635,0.7281746411808532,0.7219981174054276,0.6861001701651122,0.6434614575594118,0.5598631138354637,0.4696725036592956,0.36062755996707196,0.26284910970175435,0.19466398923677541,0.1552095414355317,1.1600000000000001,9,65,2.984556294624455, 
0.020265487903442684,0.013963949012465693,0.00835370847099923,0.004222227095415067,0.003614198647645597,0.0056368445026884545,0.014256770200522734,0.02514971228183543,0.05237853595390592,0.08201777220386276,0.12280765909981152,0.16087927821624273,0.18599910937275463,0.19973573293838673,0.19050896147915283,0.1685534565791529,0.13279013968121187,0.10118028450888518,0.07220828574586112,0.05980489303280847,0.052393803954043784,0.0669003826366528,0.08715443859876729,0.1569478856300137,0.24105517060805906,0.37507886872981894,0.49795824060378563,0.600598613957472,0.672677620948172,0.7156507066754466,0.7344137255602404,0.7405025862451021,0.7214294109104433,0.6959312849964967,0.6325108998189319,0.5631233126561928,0.4597313349356905,0.35886564147657024,0.26643165656088474,0.19575556224483123,0.15785469073305863,1.1600000000000001,10,54,2.9531142439162408, 
0.020265487903442684,0.024517188086104386,0.010324637826895714,0.0031289561512778813,0.003215480296966153,0.0063546842647428875,0.01181836439626229,0.0276658228757316,0.047532656465657845,0.08292122955286566,0.12116192525284483,0.15675498044659403,0.18659195231692077,0.19388797402597172,0.1892449693586227,0.16289392386876342,0.1318660204777675,0.09666725822116985,0.07316648739340229,0.05612666929632081,0.05520356006775077,0.05847718879015575,0.09296987034516536,0.13779349252571693,0.24279471678685874,0.3546813529642433,0.4821484556912247,0.5855006781883886,0.6565935792625888,0.7008247349042503,0.7258004594191635,0.7281746411808533,0.7219981174054275,0.6861001701651126,0.6434614575594118,0.5598631138354637,0.4696725036592956,0.36062755996707196,0.26284910970175435,0.1946639892367754,0.1552095414355317,1.1600000000000001,10,66,2.9845562946244546, 
0.02026548790344268,0.01396394901246569,0.00835370847099923,0.004222227095415068,0.003614198647645597,0.005636844502688453,0.01425677020052273,0.02514971228183543,0.05237853595390592,0.08201777220386273,0.12280765909981152,0.16087927821624268,0.18599910937275466,0.19973573293838673,0.19050896147915283,0.1685534565791529,0.13279013968121187,0.10118028450888518,0.07220828574586112,0.05980489303280847,0.052393803954043784,0.0669003826366528,0.08715443859876729,0.15694788563001366,0.24105517060805906,0.37507886872981894,0.49795824060378563,0.600598613957472,0.672677620948172,0.715650706675447,0.7344137255602405,0.7405025862451021,0.721429410910443,0.6959312849964968,0.6325108998189319,0.5631233126561926,0.4597313349356905,0.35886564147657035,0.26643165656088474,0.19575556224483123,0.15785469073305852,1.1600000000000001,11,55,2.9531142439162403, 
0.02026548790344268,0.024517188086104376,0.010324637826895716,0.0031289561512778813,0.003215480296966153,0.006354684264742884,0.01181836439626229,0.0276658228757316,0.047532656465657845,0.08292122955286566,0.12116192525284483,0.156754980446594,0.18659195231692077,0.19388797402597172,0.1892449693586227,0.16289392386876342,0.1318660204777675,0.09666725822116985,0.07316648739340234,0.05612666929632081,0.05520356006775077,0.05847718879015575,0.09296987034516536,0.13779349252571693,0.24279471678685877,0.35468135296424347,0.4821484556912247,0.5855006781883887,0.6565935792625883,0.7008247349042503,0.7258004594191636,0.7281746411808533,0.7219981174054275,0.6861001701651126,0.6434614575594118,0.5598631138354636,0.4696725036592956,0.36062755996707196,0.26284910970175435,0.19466398923677541,0.1552095414355317,1.1600000000000001,11,67,2.9845562946244546, 
0.003402218696007431,0.0027279400798666505,0.003912132094821343,0.006243046546868507,0.014697308013333328,0.025449691673410862,0.050157457744492144,0.07770984437723948,0.11473077199753036,0.15189263918791968,0.17554667635615218,0.19472389922916117,0.18664334210310005,0.17203522450922956,0.13839919090533506,0.1069899718259124,0.0802574887771925,0.06315881516995336,0.057675813586981726,0.06597262109111482,0.0858161707871267,0.14066130435810692,0.21529983454788978,0.33039382115860005,0.45830946815808715,0.554732667950802,0.6449605174337976,0.6841351489484884,0.7182248555722907,0.7219742660634345,0.7196347571491871,0.6934054342490079,0.656204118304738,0.5933761110052893,0.5187331414643149,0.4269420914042951,0.34585926933750605,0.276363034722972,0.23596430605405558,0.21556527260308828,0.23127426331952652,1.1600000000000001,12,57,2.914631572204942, 
0.00800144342012765,0.006624570353904595,0.004552243235600655,0.002777195556847261,0.004281383293698704,0.006994216435896331,0.017211903022928795,0.030163046235396677,0.05950936306151387,0.09071351753383249,0.1285905096920861,0.1633077401249094,0.18230291305818844,0.19224182373178694,0.1774588160121104,0.15508980149508836,0.12037193275774778,0.0911720125805717,0.06919520233108854,0.059380649515015864,0.05929728102148577,0.07906977116914268,0.10966940553943293,0.18840123212879054,0.2831258068070478,0.4066440682832013,0.5340231220960393,0.6114234747678025,0.6826002455935883,0.708647664562765,0.7283252820302805,0.7221441009524348,0.70701345130676,0.6688969303516584,0.6159773893552318,0.5396055532674858,0.4541929536814611,0.35918557794436745,0.2833417377734716,0.21981358817540722,0.1928977026919519,1.1600000000000001,13,58,2.9146315722049407, 
0.012939446565501948,0.01669307416489365,0.01688731406407746,0.012211082920053472,0.004360987785356423,0.0035465433534885077,0.004896661622725521,0.013227973362699597,0.022982983642682277,0.04991142121793942,0.07849880359071085,0.11765109081748214,0.15394868202212783,0.17873879698672196,0.19331022379986046,0.18457009433758303,0.16526643238927494,0.13087107901706124,0.10037864596409711,0.0741859576936258,0.061616736817071256,0.0580242789307719,0.07401914309846912,0.09875638496418164,0.1712652200330506,0.25645906838287097,0.38260836514069746,0.5115123550543333,0.5961235447173792,0.6726116276126348,0.7029562820344394,0.7246322980140978,0.7209771599561388,0.705955014723534,0.6686994170524544,0.6127198444608021,0.5324795417082242,0.4384130576701833,0.3325311193445538,0.24727078840059372,0.17391552610588695,1.1600000000000001,14,56,2.914631572204942, 
0.00800144342012765,0.006624570353904595,0.004552243235600655,0.002777195556847261,0.004281383293698705,0.006994216435896331,0.017211903022928795,0.030163046235396677,0.05950936306151388,0.09071351753383249,0.1285905096920861,0.1633077401249094,0.18230291305818844,0.19224182373178691,0.1774588160121104,0.15508980149508833,0.12037193275774775,0.09117201258057166,0.06919520233108854,0.059380649515015864,0.05929728102148578,0.07906977116914268,0.10966940553943293,0.18840123212879054,0.2831258068070478,0.4066440682832013,0.5340231220960393,0.6114234747678025,0.6826002455935882,0.708647664562765,0.7283252820302805,0.7221441009524348,0.7070134513067596,0.6688969303516584,0.6159773893552318,0.5396055532674858,0.4541929536814611,0.35918557794436723,0.2833417377734716,0.21981358817540722,0.1928977026919519,1.1600000000000001,15,60,2.9146315722049407, 
0.012939446565501948,0.01669307416489365,0.01688731406407746,0.01221108292005347,0.004360987785356423,0.0035465433534885072,0.004896661622725522,0.013227973362699595,0.022982983642682288,0.04991142121793942,0.07849880359071085,0.11765109081748214,0.15394868202212783,0.17873879698672196,0.19331022379986043,0.18457009433758303,0.16526643238927494,0.13087107901706124,0.10037864596409711,0.07418595769362579,0.06161673681707126,0.05802427893077191,0.0740191430984691,0.09875638496418164,0.1712652200330506,0.25645906838287097,0.38260836514069746,0.5115123550543335,0.5961235447173792,0.6726116276126347,0.7029562820344395,0.7246322980140978,0.7209771599561388,0.705955014723534,0.6686994170524543,0.612719844460802,0.5324795417082242,0.4384130576701833,0.3325311193445538,0.24727078840059372,0.17391552610588704,1.1600000000000001,16,61,2.914631572204942, 
0.003402218696007431,0.0027279400798666505,0.003912132094821343,0.006243046546868507,0.014697308013333328,0.025449691673410862,0.050157457744492144,0.07770984437723949,0.11473077199753036,0.15189263918791968,0.17554667635615215,0.19472389922916117,0.18664334210310005,0.17203522450922956,0.13839919090533506,0.1069899718259124,0.0802574887771925,0.06315881516995335,0.057675813586981726,0.06597262109111482,0.0858161707871267,0.14066130435810692,0.2152998345478898,0.33039382115860005,0.45830946815808715,0.554732667950802,0.6449605174337976,0.6841351489484884,0.7182248555722903,0.7219742660634345,0.7196347571491871,0.6934054342490079,0.656204118304738,0.5933761110052893,0.5187331414643149,0.4269420914042951,0.34585926933750605,0.276363034722972,0.23596430605405558,0.21556527260308828,0.23127426331952652,1.1600000000000001,17,59,2.914631572204942, 
0.012939446565501948,0.01669307416489365,0.01688731406407746,0.01221108292005347,0.004360987785356423,0.0035465433534885072,0.004896661622725521,0.013227973362699597,0.022982983642682274,0.04991142121793942,0.07849880359071085,0.11765109081748214,0.15394868202212786,0.17873879698672196,0.19331022379986046,0.18457009433758303,0.16526643238927496,0.13087107901706124,0.10037864596409711,0.0741859576936258,0.061616736817071256,0.0580242789307719,0.07401914309846912,0.09875638496418164,0.1712652200330506,0.25645906838287097,0.38260836514069746,0.5115123550543335,0.5961235447173792,0.6726116276126348,0.7029562820344394,0.7246322980140978,0.7209771599561391,0.705955014723534,0.6686994170524543,0.6127198444608021,0.5324795417082243,0.4384130576701833,0.33253111934455376,0.24727078840059372,0.17391552610588695,1.1600000000000001,18,63,2.914631572204942, 
0.003402218696007431,0.0027279400798666505,0.003912132094821343,0.006243046546868507,0.01469730801333333,0.025449691673410862,0.050157457744492144,0.07770984437723948,0.11473077199753036,0.15189263918791968,0.17554667635615215,0.19472389922916117,0.18664334210310002,0.17203522450922956,0.13839919090533506,0.1069899718259124,0.0802574887771925,0.06315881516995335,0.05767581358698174,0.06597262109111482,0.0858161707871267,0.14066130435810692,0.21529983454788978,0.33039382115860005,0.45830946815808715,0.5547326679508024,0.6449605174337975,0.6841351489484884,0.7182248555722903,0.7219742660634345,0.7196347571491871,0.6934054342490079,0.6562041183047381,0.5933761110052893,0.518733141464315,0.4269420914042952,0.34585926933750605,0.276363034722972,0.23596430605405558,0.21556527260308828,0.23127426331952647,1.1600000000000001,19,64,2.914631572204942, 
0.00800144342012765,0.006624570353904595,0.004552243235600655,0.002777195556847261,0.004281383293698705,0.006994216435896331,0.017211903022928795,0.030163046235396677,0.05950936306151387,0.09071351753383249,0.1285905096920861,0.1633077401249094,0.1823029130581884,0.19224182373178691,0.1774588160121103,0.15508980149508833,0.12037193275774778,0.09117201258057166,0.06919520233108854,0.059380649515015864,0.05929728102148577,0.07906977116914268,0.10966940553943291,0.18840123212879054,0.2831258068070476,0.4066440682832013,0.5340231220960393,0.6114234747678025,0.6826002455935882,0.7086476645627648,0.7283252820302805,0.7221441009524348,0.70701345130676,0.6688969303516588,0.6159773893552318,0.5396055532674858,0.454192953681461,0.3591855779443674,0.2833417377734716,0.21981358817540717,0.19289770269195192,1.1600000000000001,20,62,2.9146315722049407, 
0.020854683733531162,0.015120285107833675,0.005478168964294607,0.003855992332205445,0.0058598902427456495,0.014430717967402617,0.025189478223545,0.05115998579241667,0.07946800830466817,0.1178848296052941,0.1549785769258825,0.17840055077858044,0.19503751487977178,0.18489049680365402,0.16670865683620267,0.13172107263722282,0.10040961044134795,0.07516781137363929,0.061271457525101644,0.05851854454263151,0.07302669694709975,0.09930378813715482,0.16855317564015135,0.25684157236062616,0.3791305976438854,0.5079901396234001,0.5929060637496252,0.6716156958247093,0.700687783661447,0.7249831564814836,0.720877341420678,0.7086755572508123,0.6707895730183593,0.6181985603908855,0.5369899699525593,0.4442572854770395,0.3430115495081657,0.26274294766170675,0.19790629134225962,0.16728864446810535,0.1552095414355317,1.1600000000000001,21,66,2.914631572204941, 
0.020854683733531162,0.015120285107833675,0.005478168964294608,0.003855992332205444,0.00585989024274565,0.014430717967402617,0.025189478223545003,0.051159985792416665,0.07946800830466817,0.1178848296052941,0.1549785769258825,0.17840055077858044,0.1950375148797718,0.18489049680365402,0.16670865683620267,0.13172107263722282,0.10040961044134795,0.07516781137363927,0.061271457525101644,0.05851854454263151,0.07302669694709975,0.09930378813715482,0.16855317564015135,0.25684157236062616,0.3791305976438854,0.5079901396234002,0.5929060637496252,0.6716156958247096,0.700687783661447,0.7249831564814835,0.720877341420678,0.7086755572508123,0.6707895730183593,0.6181985603908855,0.5369899699525593,0.4442572854770394,0.34301154950816576,0.26274294766170675,0.19790629134225965,0.16728864446810535,0.1552095414355317,1.1600000000000001,22,67,2.914631572204941, 
0.020854683733531165,0.015120285107833675,0.005478168964294607,0.0038559923322054454,0.00585989024274565,0.014430717967402617,0.025189478223545,0.051159985792416665,0.07946800830466817,0.1178848296052941,0.1549785769258825,0.17840055077858047,0.19503751487977178,0.18489049680365402,0.16670865683620267,0.13172107263722282,0.10040961044134795,0.07516781137363927,0.061271457525101644,0.058518544542631515,0.07302669694709976,0.09930378813715482,0.16855317564015132,0.25684157236062616,0.3791305976438854,0.5079901396234001,0.5929060637496252,0.6716156958247093,0.700687783661447,0.7249831564814835,0.7208773414206782,0.7086755572508123,0.6707895730183596,0.6181985603908854,0.5369899699525593,0.4442572854770395,0.34301154950816576,0.26274294766170675,0.19790629134225962,0.16728864446810526,0.1552095414355317,1.1600000000000001,23,65,2.914631572204941, 
0.10012808779475721,0.08942266634803042,0.08136006130087206,0.09072742116047196,0.10034863761358294,0.14015628687280615,0.19355611214117682,0.2699996083112045,0.3670265468809933,0.4650454396191855,0.5584720703388106,0.6515726489949395,0.705580590399484,0.7534953121329971,0.7764565124770109,0.785226637263421,0.7787287784314162,0.7457521506906064,0.7065931577203058,0.6138125977750069,0.5156645315443578,0.41424552768327655,0.3159081541280099,0.2474391028889996,0.21212238028445898,0.18582152823208273,0.18214007764821477,0.1783166445181482,0.16567054327790487,0.14979879359851414,0.12590853350929995,0.09646169413933013,0.06766082791348417,0.0449384312059033,0.02387176227908844,0.015153931597046113,0.00725551743155539,0.003767339557868884,0.002185560577329309,0.0017148802597912252,0.0031582504532698366,0.18999999999999995,24,0,2.5041913891465333, 
0.10012808779475721,0.12854314971347341,0.18532325042078623,0.24441125309948827,0.34239084230013483,0.4445483654613503,0.5400425568709527,0.6285612283057828,0.6990172580945149,0.7430653418781692,0.7814869995727419,0.7874509517319394,0.7900441938367597,0.7571240994866012,0.7128076089098474,0.6395505837106946,0.5382253195996077,0.43604081007753354,0.34278657575959676,0.25403450756188584,0.2200578235783222,0.1942903612938953,0.18303661600811721,0.17905993248983418,0.17083044576101497,0.1525993109668255,0.13244964249134045,0.10339241041560089,0.0740237570169335,0.05081758793217241,0.03047679778370404,0.016019937771854405,0.008804460576820437,0.0034256689641600645,0.0024723696818922244,0.0015610920558167493,0.003006063722413537,0.005377829002591003,0.008185360084918282,0.011416825271248933,0.01117321274109916,0.18999999999999995,24,1,2.504191389146533, 
0.10012808779475721,0.10152444910721961,0.12593945716281446,0.15339670032353186,0.2194037888930748,0.2885320163356803,0.3788023664660098,0.4778288597615274,0.5693551767246785,0.6448205461545449,0.7126208450142906,0.7460839313240033,0.776840321811745,0.7798917497606526,0.7741287709389427,0.7447754490369787,0.6874571915091272,0.6166996815987645,0.5089424758714881,0.401049353076487,0.3191753079188874,0.2450044010343432,0.20625469646229402,0.18998847933264948,0.17941861244268656,0.17597679609538888,0.17177605399836615,0.15155724721259414,0.13006827829418294,0.10237980289138547,0.07427796882132555,0.05056861388671009,0.032523468487778,0.016400977977240085,0.010386242512483894,0.004538946513857763,0.002942885693702222,0.002229115116535774,0.0037674620067485237,0.006231494968256228,0.007656784847276929,0.18999999999999995,24,2,2.5041913891465337, 
0.10012808779475721,0.1285431497134733,0.1853232504207862,0.24441125309948827,0.3423908423001348,0.4445483654613503,0.5400425568709527,0.6285612283057828,0.6990172580945149,0.7430653418781692,0.7814869995727419,0.7874509517319394,0.7900441938367598,0.7571240994866012,0.7128076089098473,0.6395505837106946,0.5382253195996077,0.43604081007753354,0.34278657575959676,0.2540345075618858,0.2200578235783222,0.1942903612938953,0.18303661600811724,0.17905993248983418,0.17083044576101497,0.1525993109668255,0.13244964249134045,0.10339241041560089,0.0740237570169335,0.05081758793217241,0.03047679778370404,0.016019937771854405,0.008804460576820437,0.003425668964160065,0.0024723696818922244,0.0015610920558167495,0.003006063722413537,0.005377829002591005,0.00818536008491828,0.011416825271248933,0.01117321274109916,0.18999999999999995,25,3,2.504191389146533, 
0.10012808779475721,0.10152444910721961,0.12593945716281446,0.15339670032353186,0.2194037888930748,0.2885320163356803,0.3788023664660098,0.4778288597615274,0.5693551767246785,0.6448205461545448,0.7126208450142906,0.7460839313240033,0.776840321811745,0.7798917497606527,0.7741287709389427,0.7447754490369787,0.6874571915091272,0.6166996815987644,0.5089424758714882,0.401049353076487,0.3191753079188874,0.2450044010343432,0.20625469646229405,0.18998847933264948,0.17941861244268656,0.1759767960953888,0.17177605399836615,0.15155724721259414,0.13006827829418294,0.10237980289138547,0.07427796882132556,0.050568613886710086,0.032523468487778,0.0164009779772401,0.010386242512483894,0.004538946513857762,0.0029428856937022225,0.0022291151165357743,0.0037674620067485237,0.006231494968256228,0.007656784847276928,0.18999999999999995,25,4,2.5041913891465333, 
0.10012808779475721,0.08942266634803042,0.08136006130087206,0.09072742116047196,0.10034863761358294,0.14015628687280615,0.19355611214117682,0.2699996083112045,0.3670265468809931,0.4650454396191855,0.5584720703388106,0.6515726489949395,0.705580590399484,0.753495312132997,0.776456512477011,0.785226637263421,0.7787287784314162,0.7457521506906064,0.7065931577203058,0.6138125977750069,0.5156645315443578,0.4142455276832763,0.3159081541280099,0.24743910288899965,0.21212238028445898,0.18582152823208273,0.18214007764821477,0.1783166445181482,0.16567054327790487,0.1497987935985141,0.12590853350929995,0.09646169413933013,0.06766082791348417,0.04493843120590331,0.02387176227908844,0.015153931597046113,0.00725551743155539,0.0037673395578688845,0.002185560577329309,0.0017148802597912248,0.0031582504532698366,0.18999999999999995,25,5,2.5041913891465333, 
0.10012808779475721,0.10152444910721961,0.12593945716281446,0.15339670032353186,0.2194037888930748,0.2885320163356803,0.37880236646600984,0.4778288597615274,0.5693551767246785,0.6448205461545449,0.7126208450142907,0.7460839313240033,0.776840321811745,0.7798917497606527,0.7741287709389427,0.7447754490369787,0.6874571915091272,0.6166996815987645,0.5089424758714882,0.40104935307648687,0.3191753079188876,0.2450044010343432,0.20625469646229402,0.18998847933264948,0.17941861244268656,0.17597679609538888,0.17177605399836612,0.15155724721259414,0.13006827829418294,0.10237980289138547,0.07427796882132555,0.05056861388671009,0.032523468487778,0.0164009779772401,0.010386242512483896,0.004538946513857763,0.002942885693702222,0.002229115116535774,0.0037674620067485237,0.006231494968256228,0.007656784847276929,0.18999999999999995,26,6,2.5041913891465333, 
0.10012808779475721,0.08942266634803042,0.08136006130087206,0.09072742116047196,0.10034863761358294,0.14015628687280618,0.19355611214117682,0.2699996083112045,0.3670265468809931,0.4650454396191855,0.5584720703388106,0.6515726489949395,0.7055805903994841,0.753495312132997,0.776456512477011,0.785226637263421,0.7787287784314161,0.7457521506906064,0.7065931577203057,0.6138125977750069,0.5156645315443578,0.4142455276832763,0.3159081541280099,0.2474391028889996,0.21212238028445898,0.18582152823208273,0.18214007764821477,0.1783166445181482,0.16567054327790487,0.1497987935985141,0.12590853350929995,0.09646169413933013,0.06766082791348417,0.0449384312059033,0.02387176227908844,0.015153931597046113,0.00725551743155539,0.0037673395578688845,0.002185560577329309,0.001714880259791225,0.0031582504532698375,0.18999999999999995,26,7,2.5041913891465333, 
0.10012808779475721,0.1285431497134733,0.1853232504207862,0.2444112530994881,0.34239084230013483,0.4445483654613503,0.5400425568709526,0.6285612283057826,0.6990172580945153,0.7430653418781692,0.781486999572742,0.7874509517319394,0.7900441938367597,0.7571240994866012,0.7128076089098473,0.6395505837106946,0.5382253195996077,0.4360408100775334,0.3427865757595967,0.25403450756188584,0.2200578235783222,0.1942903612938953,0.18303661600811721,0.17905993248983426,0.17083044576101505,0.1525993109668255,0.13244964249134045,0.10339241041560084,0.0740237570169335,0.050817587932172406,0.03047679778370404,0.016019937771854405,0.008804460576820437,0.003425668964160065,0.0024723696818922244,0.0015610920558167493,0.003006063722413537,0.005377829002591005,0.00818536008491828,0.011416825271248933,0.01117321274109916,0.18999999999999995,26,8,2.504191389146533, 
0.07927238078812762,0.08823451130378539,0.10696903274167059,0.15871886548959485,0.2134171405919267,0.3027381200727234,0.40171035814450756,0.4991337181786034,0.5930308418009239,0.6752090057738797,0.7241485285967498,0.7702491854556401,0.7816755638665408,0.7890024783573766,0.7697454447168314,0.7344702184586288,0.6735997693144445,0.575810630637828,0.475013391614672,0.3759054437583214,0.280717170662535,0.23198745162284737,0.20056022296550077,0.1841524732577377,0.18032274304418,0.17446383612760136,0.15873861227596198,0.14078646187848592,0.11251449333553268,0.08192900926744372,0.05704900970469321,0.0359598987707264,0.01910962627739369,0.011238721398793106,0.004202685222765025,0.0026393001272040635,0.0014821803039007898,0.002767688790049248,0.006218012896794716,0.011750068946037365,0.020265487903442684,0.18999999999999995,27,9,2.504191389146533, 
0.07927238078812762,0.08823451130378543,0.1069690327416706,0.15871886548959485,0.2134171405919267,0.3027381200727234,0.4017103581445077,0.4991337181786034,0.5930308418009239,0.6752090057738797,0.7241485285967498,0.7702491854556401,0.7816755638665408,0.7890024783573766,0.7697454447168314,0.7344702184586287,0.6735997693144445,0.575810630637828,0.475013391614672,0.3759054437583214,0.280717170662535,0.23198745162284737,0.20056022296550077,0.1841524732577377,0.18032274304418,0.17446383612760136,0.15873861227596198,0.14078646187848592,0.11251449333553269,0.0819290092674437,0.05704900970469325,0.0359598987707264,0.01910962627739369,0.011238721398793105,0.004202685222765025,0.0026393001272040635,0.0014821803039007898,0.002767688790049248,0.006218012896794717,0.011750068946037365,0.020265487903442684,0.18999999999999995,27,10,2.504191389146533, 
0.07927238078812762,0.08823451130378543,0.10696903274167059,0.15871886548959496,0.2134171405919267,0.30273812007272316,0.4017103581445077,0.4991337181786034,0.5930308418009238,0.6752090057738797,0.7241485285967498,0.77024918545564,0.7816755638665408,0.7890024783573766,0.7697454447168314,0.7344702184586288,0.6735997693144445,0.575810630637828,0.475013391614672,0.3759054437583214,0.280717170662535,0.23198745162284734,0.20056022296550088,0.18415247325773768,0.18032274304418,0.17446383612760136,0.15873861227596195,0.14078646187848592,0.11251449333553268,0.08192900926744372,0.05704900970469321,0.035959898770726376,0.01910962627739369,0.011238721398793106,0.004202685222765025,0.0026393001272040635,0.0014821803039007898,0.002767688790049248,0.006218012896794716,0.011750068946037364,0.02026548790344268,0.18999999999999995,27,11,2.504191389146533, 
0.103678789713719,0.10981506815797555,0.13772296297555214,0.17177785990613217,0.2478676593925889,0.3262313417558761,0.4196136576664814,0.5189406610636036,0.6058315366155852,0.675558361509223,0.7367882308134399,0.7645848742457028,0.7898668953703022,0.782809513850552,0.7700224611607437,0.7269613813076726,0.662893173540062,0.5821618535587776,0.47312093688944906,0.36564365100849916,0.2952829489225999,0.22901659698640456,0.2031030187988994,0.18958043030867922,0.18044498833010608,0.17392122390292047,0.16343326550084566,0.14066595901708825,0.11653234101578883,0.08835238640852612,0.05965376026414356,0.03863008538476615,0.02304236672724697,0.011837247336893527,0.0070639484887409796,0.0030492636514095448,0.0023686227891879757,0.001910919267791491,0.005804573785677942,0.004499732404856079,0.003402218696007431,0.18999999999999995,28,12,2.4921094293488237, 
0.103678789713719,0.13955204819566067,0.1828397518938639,0.2653725047804686,0.3498988682006584,0.4501763161995476,0.5527788145465762,0.6351828065645614,0.7009134155396815,0.7528033657172072,0.7754903515601411,0.7951101475142137,0.7792439793469287,0.7612013533770308,0.7036920681809403,0.6305022282045905,0.5379742139738626,0.4263896423872448,0.3253952939862893,0.264936360748477,0.20888214471488706,0.1944186904950135,0.18508326077028384,0.1767597672293451,0.16759834458509376,0.15200512903642707,0.12557410652572118,0.09945435127430755,0.0727998099894289,0.04622259425987636,0.029914037834682928,0.016392794061160537,0.008173116188300926,0.00462226864456173,0.0020885926587784617,0.0020279819371745167,0.0021245663480337013,0.01250845495907366,0.020560712006583597,0.01580642172442722,0.00800144342012765,0.18999999999999995,28,13,2.492109429348823, 
0.103678789713719,0.08676895322374768,0.08362921620702321,0.08344317622991818,0.11095942428195267,0.1397248167152112,0.20025055906488115,0.27689839285995144,0.3680262969864243,0.47226006885062155,0.5716927008844124,0.6457857710431157,0.7181031106219014,0.7538031457934642,0.7834279194018254,0.7907015629866817,0.7831021817038584,0.7549460885576776,0.6923172590962363,0.6238871672348695,0.512852668655147,0.4015850969126912,0.31950620383101297,0.24962014215063313,0.20801396011935855,0.19304522031231827,0.1816556176860185,0.17519550057608585,0.16773479255131554,0.1453376384973739,0.12075362163323256,0.09361034798400356,0.065443228109643,0.04175990818013718,0.02567763602713496,0.011588478843647918,0.007027761629275553,0.00318832195201238,0.004946688514068807,0.010638207641271,0.012939446565501935,0.18999999999999995,28,14,2.4921094293488237, 
0.10367878971371901,0.13955204819566067,0.18283975189386398,0.26537250478046864,0.3498988682006584,0.4501763161995476,0.5527788145465766,0.6351828065645614,0.7009134155396815,0.7528033657172072,0.7754903515601411,0.7951101475142137,0.7792439793469287,0.7612013533770308,0.7036920681809403,0.6305022282045905,0.5379742139738626,0.4263896423872448,0.32539529398628936,0.264936360748477,0.2088821447148869,0.1944186904950135,0.18508326077028384,0.1767597672293451,0.16759834458509376,0.15200512903642707,0.12557410652572118,0.09945435127430755,0.07279980998942889,0.046222594259876355,0.029914037834682928,0.016392794061160537,0.008173116188300926,0.004622268644561734,0.0020885926587784617,0.0020279819371745167,0.0021245663480337013,0.012508454959073661,0.0205607120065836,0.01580642172442722,0.00800144342012765,0.18999999999999995,29,15,2.492109429348823, 
0.10367878971371901,0.08676895322374768,0.08362921620702321,0.08344317622991816,0.11095942428195264,0.1397248167152112,0.20025055906488123,0.2768983928599514,0.36802629698642436,0.4722600688506215,0.5716927008844124,0.6457857710431157,0.7181031106219014,0.7538031457934641,0.7834279194018254,0.7907015629866817,0.7831021817038584,0.7549460885576778,0.6923172590962368,0.6238871672348695,0.512852668655147,0.4015850969126912,0.31950620383101297,0.24962014215063313,0.20801396011935852,0.19304522031231827,0.1816556176860185,0.17519550057608585,0.16773479255131554,0.1453376384973739,0.12075362163323256,0.09361034798400356,0.065443228109643,0.04175990818013718,0.025677636027134965,0.011588478843647916,0.007027761629275554,0.00318832195201238,0.004946688514068807,0.010638207641271002,0.012939446565501939,0.18999999999999995,29,16,2.4921094293488237, 
0.10367878971371901,0.10981506815797555,0.13772296297555214,0.17177785990613217,0.2478676593925889,0.32623134175587604,0.41961365766648134,0.5189406610636035,0.6058315366155851,0.6755583615092231,0.7367882308134399,0.7645848742457028,0.7898668953703023,0.782809513850552,0.7700224611607437,0.7269613813076726,0.662893173540062,0.5821618535587775,0.47312093688944873,0.3656436510084993,0.29528294892259993,0.22901659698640472,0.20310301879889942,0.18958043030867924,0.1804449883301061,0.17392122390292047,0.16343326550084566,0.14066595901708825,0.11653234101578884,0.08835238640852612,0.05965376026414356,0.03863008538476614,0.02304236672724697,0.011837247336893527,0.0070639484887409796,0.0030492636514095448,0.0023686227891879757,0.001910919267791491,0.005804573785677942,0.004499732404856079,0.003402218696007431,0.18999999999999995,29,17,2.4921094293488237, 
0.103678789713719,0.08676895322374768,0.08362921620702321,0.08344317622991816,0.11095942428195264,0.1397248167152112,0.20025055906488118,0.2768983928599514,0.36802629698642436,0.4722600688506215,0.5716927008844125,0.6457857710431157,0.7181031106219014,0.7538031457934642,0.7834279194018254,0.7907015629866817,0.7831021817038584,0.7549460885576779,0.6923172590962363,0.6238871672348695,0.5128526686551469,0.4015850969126911,0.31950620383101297,0.24962014215063316,0.20801396011935855,0.1930452203123183,0.1816556176860185,0.17519550057608585,0.16773479255131554,0.1453376384973739,0.12075362163323256,0.09361034798400356,0.065443228109643,0.04175990818013718,0.02567763602713496,0.011588478843647916,0.007027761629275553,0.00318832195201238,0.004946688514068807,0.010638207641271,0.012939446565501935,0.18999999999999995,30,18,2.4921094293488237, 
0.103678789713719,0.10981506815797555,0.13772296297555225,0.17177785990613217,0.2478676593925889,0.32623134175587604,0.41961365766648134,0.5189406610636036,0.6058315366155851,0.6755583615092231,0.7367882308134399,0.7645848742457028,0.7898668953703023,0.782809513850552,0.7700224611607437,0.7269613813076726,0.662893173540062,0.5821618535587776,0.47312093688944906,0.3656436510084993,0.29528294892259993,0.22901659698640456,0.20310301879889942,0.18958043030867924,0.1804449883301061,0.17392122390292047,0.16343326550084566,0.14066595901708825,0.11653234101578884,0.08835238640852612,0.05965376026414356,0.03863008538476615,0.02304236672724697,0.011837247336893527,0.0070639484887409796,0.0030492636514095448,0.0023686227891879757,0.001910919267791491,0.005804573785677942,0.004499732404856079,0.003402218696007431,0.18999999999999995,30,19,2.4921094293488237, 
0.103678789713719,0.13955204819566064,0.1828397518938639,0.26537250478046864,0.3498988682006584,0.45017631619954795,0.5527788145465766,0.6351828065645614,0.7009134155396815,0.7528033657172072,0.7754903515601411,0.7951101475142137,0.7792439793469287,0.7612013533770307,0.7036920681809403,0.6305022282045909,0.5379742139738626,0.4263896423872448,0.32539529398628947,0.264936360748477,0.20888214471488706,0.1944186904950135,0.18508326077028384,0.1767597672293451,0.16759834458509376,0.15200512903642707,0.12557410652572118,0.09945435127430755,0.0727998099894289,0.04622259425987637,0.02991403783468292,0.016392794061160537,0.008173116188300926,0.004622268644561734,0.0020885926587784617,0.0020279819371745163,0.0021245663480337013,0.01250845495907366,0.020560712006583597,0.01580642172442722,0.00800144342012765,0.18999999999999995,30,20,2.492109429348823, 
0.06944288823002685,0.071906185733271,0.07943367791205115,0.11678532141712124,0.15716256905858186,0.23870720181601388,0.32755167663148066,0.42655452556363865,0.5308660435520977,0.6228955467369028,0.689307431384579,0.7522450636317404,0.7749903893150929,0.7950671990584415,0.7873356449512842,0.7687720364330694,0.7241299121696354,0.6483246353947305,0.5631265197215756,0.45156645895254527,0.3414630131523909,0.2780388761450019,0.22311966788739698,0.1976595434030831,0.1883395822816621,0.17966637405623573,0.16950433837836404,0.1571794199570013,0.1297404413715029,0.10125771756047734,0.07358083939097236,0.04714274450150647,0.02895585132536797,0.017117859357681623,0.007518802262346125,0.004706586305056709,0.0018748041445093985,0.0018813815470030825,0.001999353917957045,0.00925328297762114,0.020854683733531162,0.18999999999999995,31,21,2.4921094293488233, 
0.06944288823002685,0.071906185733271,0.07943367791205115,0.11678532141712124,0.15716256905858186,0.23870720181601388,0.32755167663148066,0.4265545255636389,0.5308660435520978,0.6228955467369028,0.689307431384579,0.7522450636317404,0.7749903893150929,0.7950671990584415,0.7873356449512842,0.7687720364330694,0.7241299121696354,0.6483246353947305,0.5631265197215755,0.4515664589525456,0.3414630131523909,0.27803887614500183,0.22311966788739698,0.1976595434030831,0.1883395822816621,0.1796663740562357,0.16950433837836404,0.1571794199570013,0.1297404413715029,0.10125771756047734,0.07358083939097236,0.04714274450150647,0.02895585132536797,0.017117859357681623,0.007518802262346126,0.004706586305056709,0.0018748041445093985,0.001881381547003082,0.001999353917957045,0.00925328297762114,0.020854683733531162,0.18999999999999995,31,22,2.4921094293488233, 
0.06944288823002685,0.071906185733271,0.07943367791205112,0.11678532141712124,0.1571625690585819,0.2387072018160139,0.3275516766314807,0.42655452556363865,0.5308660435520978,0.6228955467369028,0.689307431384579,0.7522450636317404,0.7749903893150929,0.7950671990584415,0.7873356449512843,0.7687720364330694,0.7241299121696354,0.6483246353947305,0.5631265197215756,0.4515664589525457,0.3414630131523909,0.27803887614500183,0.22311966788739698,0.1976595434030831,0.1883395822816621,0.17966637405623573,0.16950433837836404,0.1571794199570013,0.1297404413715029,0.10125771756047734,0.07358083939097236,0.04714274450150647,0.02895585132536795,0.017117859357681623,0.007518802262346125,0.004706586305056709,0.0018748041445093985,0.0018813815470030825,0.0019993539179570456,0.009253282977621138,0.020854683733531165,0.18999999999999995,31,23,2.4921094293488233, 
0.08368651919004931,0.09099928842649464,0.0984718496540429,0.13400057322207307,0.17397389347351885,0.24417091258804163,0.3321011860850663,0.4275904110440515,0.5300568359235509,0.6246080675753235,0.6866628173828702,0.7465022589465649,0.7702841571031717,0.7894662172035497,0.7838671701504423,0.7651687653407832,0.7234445059997021,0.6505865642154485,0.5689891018288966,0.45702787840136583,0.34624421300143476,0.2814460124435189,0.22292747059884338,0.1980600059505783,0.18807140771421219,0.1799779169192573,0.1727112440018317,0.1616169139190871,0.13653203748720302,0.11069115997610528,0.08221167019900913,0.05433225766906815,0.03539158143709552,0.02013765142411922,0.010067433185743092,0.0057561713193451615,0.002393425276507037,0.0019526775602278774,0.0015936534963655082,0.006281675205149583,0.01117321274109916,0.18999999999999995,32,3,2.5022307183875596, 
0.08368651919004931,0.09291934481201143,0.1373093221537969,0.18298442756491703,0.26520211095770957,0.35864420404620573,0.4568374141265466,0.5575329287902314,0.6450117359342953,0.7039146483620505,0.7592114607741423,0.7771257560883581,0.7936371161527342,0.7804638859011624,0.7581811797856479,0.7054811966717451,0.6262306486955429,0.5350849311541543,0.4238075882262978,0.316849112772141,0.2609408986992343,0.20830235726831745,0.1918187571061693,0.18417535542217053,0.1766962498547085,0.1684330547870036,0.15416609245264917,0.12776935374090972,0.10068543864686029,0.07222706092262718,0.044326597344493464,0.02896222756670901,0.015730282110835523,0.00828333507228145,0.004789812541757032,0.0023256789184383122,0.0020752763007670155,0.014228743363723735,0.00904946472187487,0.005483178766037116,0.0031582504532698375,0.18999999999999995,32,7,2.50223071838756, 
0.08368651919004931,0.0701765987391243,0.07795845219405685,0.08602288542517525,0.11765468013549853,0.157445625382886,0.22257292158336214,0.3112195558499943,0.4052977816026579,0.5098413470379287,0.6119077883127676,0.6772193785333228,0.7405506668616402,0.7703405347319929,0.7902023102339084,0.7894058310998552,0.7711082916326201,0.7357704665903475,0.6629914402083151,0.5855638199339196,0.4737632121641135,0.36223133305373134,0.29034378445524694,0.23035078310980292,0.19902443637937497,0.1886008187771047,0.17995736504077084,0.17263097155686763,0.16359675341778207,0.13869802974462828,0.11320766467926875,0.08505902897440212,0.05651314046161548,0.035559497110487226,0.020227281607118865,0.009051147672441778,0.00523543801367049,0.003262195249956847,0.017772301844707024,0.028164037983882544,0.020265487903442715,0.18999999999999995,32,11,2.5022307183875605, 
0.08368651919004931,0.09291934481201143,0.1373093221537969,0.18298442756491703,0.26520211095770957,0.35864420404620573,0.4568374141265466,0.5575329287902314,0.6450117359342953,0.7039146483620505,0.7592114607741424,0.7771257560883581,0.7936371161527346,0.7804638859011621,0.7581811797856479,0.7054811966717451,0.6262306486955425,0.5350849311541543,0.4238075882262978,0.316849112772141,0.2609408986992343,0.2083023572683175,0.1918187571061693,0.18417535542217053,0.17669624985470841,0.1684330547870036,0.15416609245264917,0.12776935374090975,0.10068543864686029,0.07222706092262718,0.044326597344493464,0.028962227566709013,0.015730282110835523,0.008283335072281451,0.0047898125417570325,0.0023256789184383122,0.0020752763007670155,0.014228743363723735,0.00904946472187487,0.005483178766037116,0.0031582504532698366,0.18999999999999995,33,0,2.50223071838756, 
0.08368651919004931,0.09099928842649464,0.0984718496540429,0.13400057322207307,0.17397389347351885,0.2441709125880416,0.3321011860850663,0.42759041104405154,0.5300568359235508,0.6246080675753236,0.68666281738287,0.7465022589465649,0.7702841571031717,0.78946621720355,0.7838671701504423,0.7651687653407832,0.7234445059997021,0.6505865642154485,0.5689891018288966,0.45702787840136583,0.34624421300143476,0.2814460124435189,0.22292747059884338,0.1980600059505783,0.1880714077142121,0.1799779169192573,0.1727112440018317,0.1616169139190871,0.13653203748720302,0.11069115997610528,0.08221167019900918,0.05433225766906815,0.035391581437095525,0.02013765142411922,0.01006743318574309,0.0057561713193451615,0.002393425276507037,0.0019526775602278774,0.0015936534963655082,0.006281675205149583,0.01117321274109916,0.18999999999999995,33,8,2.5022307183875596, 
0.08368651919004931,0.0701765987391243,0.07795845219405685,0.08602288542517525,0.11765468013549853,0.157445625382886,0.22257292158336214,0.3112195558499943,0.40529778160265767,0.5098413470379287,0.6119077883127675,0.6772193785333229,0.7405506668616402,0.7703405347319929,0.7902023102339084,0.7894058310998552,0.7711082916326201,0.7357704665903478,0.6629914402083151,0.5855638199339196,0.47376321216411305,0.36223133305373134,0.29034378445524706,0.23035078310980292,0.19902443637937497,0.1886008187771046,0.17995736504077084,0.17263097155686763,0.16359675341778207,0.13869802974462828,0.11320766467926875,0.08505902897440212,0.05651314046161548,0.03555949711048723,0.020227281607118865,0.009051147672441778,0.005235438013670491,0.003262195249956848,0.017772301844707024,0.028164037983882544,0.020265487903442715,0.18999999999999995,33,10,2.5022307183875605, 
0.08368651919004931,0.09099928842649464,0.0984718496540429,0.13400057322207307,0.17397389347351885,0.24417091258804163,0.3321011860850663,0.42759041104405154,0.5300568359235508,0.6246080675753235,0.6866628173828702,0.7465022589465649,0.7702841571031717,0.78946621720355,0.7838671701504423,0.7651687653407832,0.7234445059997021,0.6505865642154485,0.5689891018288966,0.45702787840136583,0.34624421300143476,0.2814460124435189,0.2229274705988434,0.1980600059505783,0.1880714077142121,0.1799779169192573,0.17271124400183172,0.16161691391908709,0.13653203748720302,0.11069115997610528,0.08221167019900918,0.054332257669068164,0.03539158143709552,0.02013765142411922,0.01006743318574309,0.0057561713193451615,0.0023934252765070376,0.0019526775602278774,0.0015936534963655084,0.00628167520514958,0.01117321274109916,0.18999999999999995,34,1,2.5022307183875596, 
0.08368651919004931,0.09291934481201143,0.1373093221537969,0.18298442756491703,0.26520211095770957,0.35864420404620573,0.45683741412654666,0.5575329287902314,0.6450117359342953,0.7039146483620502,0.7592114607741424,0.7771257560883581,0.7936371161527346,0.7804638859011621,0.7581811797856479,0.7054811966717451,0.6262306486955429,0.5350849311541543,0.4238075882262978,0.316849112772141,0.2609408986992343,0.20830235726831745,0.1918187571061693,0.18417535542217053,0.17669624985470841,0.1684330547870036,0.15416609245264917,0.12776935374090975,0.10068543864686029,0.07222706092262718,0.044326597344493464,0.02896222756670901,0.015730282110835523,0.00828333507228145,0.0047898125417570325,0.0023256789184383122,0.0020752763007670155,0.014228743363723735,0.00904946472187487,0.005483178766037118,0.0031582504532698366,0.18999999999999995,34,5,2.50223071838756, 
0.08368651919004931,0.07017659873912431,0.07795845219405685,0.08602288542517525,0.11765468013549851,0.157445625382886,0.22257292158336214,0.3112195558499943,0.4052977816026579,0.5098413470379287,0.6119077883127676,0.6772193785333228,0.7405506668616402,0.7703405347319929,0.7902023102339085,0.7894058310998552,0.7711082916326201,0.7357704665903475,0.6629914402083151,0.5855638199339196,0.4737632121641135,0.36223133305373134,0.29034378445524706,0.2303507831098029,0.19902443637937497,0.1886008187771046,0.17995736504077084,0.17263097155686763,0.16359675341778218,0.13869802974462828,0.11320766467926875,0.08505902897440212,0.05651314046161548,0.035559497110487226,0.020227281607118865,0.009051147672441778,0.005235438013670491,0.003262195249956848,0.01777230184470702,0.028164037983882544,0.020265487903442715,0.18999999999999995,34,9,2.5022307183875605, 
0.1095141909404196,0.13015152002106853,0.1588194223296633,0.22199157481311407,0.292126899761345,0.3783008346544398,0.47411970442685664,0.5622738579963665,0.636051181779366,0.7036124318600141,0.7381631883074936,0.7716266101166785,0.7724394798274385,0.7677569333660479,0.731627041948677,0.6786857086669593,0.602739701231621,0.4970536283523516,0.3942937917784714,0.3126585811412754,0.23352176443430936,0.2078192123957973,0.18757186637908158,0.18048328340112224,0.17804320076245203,0.16904261056754283,0.15164410396353167,0.13070516451148523,0.10195861281923403,0.0724179216600025,0.04991822745910647,0.029193482485828665,0.017356836381213818,0.009469406834815964,0.004656894058584667,0.0028650985511681237,0.0020156920616943193,0.0037284377628762698,0.0075683229313017785,0.008310424611750479,0.007656784847276929,0.18999999999999995,35,2,2.5022307183875605, 
0.1095141909404196,0.13015152002106856,0.15881942232966334,0.22199157481311407,0.292126899761345,0.3783008346544396,0.47411970442685664,0.5622738579963665,0.636051181779366,0.7036124318600142,0.7381631883074936,0.7716266101166787,0.7724394798274385,0.7677569333660479,0.731627041948677,0.6786857086669593,0.602739701231621,0.4970536283523516,0.39429379177847146,0.3126585811412754,0.23352176443430933,0.2078192123957973,0.18757186637908158,0.18048328340112224,0.17804320076245211,0.16904261056754283,0.15164410396353165,0.13070516451148534,0.10195861281923403,0.0724179216600025,0.04991822745910647,0.029193482485828665,0.017356836381213818,0.009469406834815964,0.004656894058584667,0.0028650985511681237,0.0020156920616943197,0.0037284377628762698,0.0075683229313017785,0.008310424611750479,0.007656784847276928,0.18999999999999995,35,4,2.5022307183875605, 
0.1095141909404196,0.13015152002106856,0.1588194223296633,0.2219915748131141,0.29212689976134504,0.37830083465443975,0.47411970442685664,0.5622738579963665,0.636051181779366,0.7036124318600142,0.7381631883074936,0.7716266101166787,0.7724394798274385,0.7677569333660479,0.731627041948677,0.6786857086669593,0.602739701231621,0.4970536283523517,0.39429379177847146,0.3126585811412754,0.23352176443430933,0.2078192123957973,0.18757186637908158,0.18048328340112224,0.17804320076245203,0.16904261056754283,0.15164410396353165,0.13070516451148534,0.10195861281923403,0.0724179216600025,0.04991822745910647,0.029193482485828665,0.017356836381213804,0.009469406834815964,0.0046568940585846675,0.0028650985511681237,0.0020156920616943193,0.0037284377628762698,0.0075683229313017785,0.00831042461175048,0.007656784847276929,0.18999999999999995,35,6,2.5022307183875605, 
0.0941529329259061,0.10920545111334647,0.13679832437271625,0.1890461592910501,0.24579680814357432,0.34074664332229176,0.43860974561151905,0.5323342996853296,0.6215510598916116,0.6904909357187943,0.7373899686362618,0.7755028859344921,0.7842215793436799,0.7909148201513878,0.759329937412686,0.7195794561240394,0.6451516779283357,0.5476570955763853,0.44817572907285286,0.3514569689618738,0.25980667293308735,0.2258185616509319,0.1957154655111482,0.1853369138267079,0.1811593366122169,0.171988352481383,0.15559537650054356,0.13583443326590136,0.10607077211827655,0.07656401343940845,0.053906263146856974,0.03251054435143457,0.01880951660320717,0.010602156740887854,0.004640049724415873,0.002988052389565277,0.0016354927708244077,0.0034150241247050623,0.005002355879667436,0.009115633883324106,0.012939446565501963,0.18999999999999995,36,16,2.4917091740941886, 
0.0941529329259061,0.09107381307377581,0.09832494035673299,0.11185487762857546,0.150914037349593,0.1918200629576186,0.2727042863396151,0.3659871682022366,0.46261048496236895,0.5598812905325545,0.6445091734400654,0.702514444489652,0.7571037169426073,0.7753344850236469,0.7897423645027976,0.7741750873749867,0.7471582226299989,0.6936154656635212,0.6090363101527513,0.5178258262632599,0.412511924938794,0.30787486149598386,0.25484397553939026,0.2118860027183928,0.1918919640018522,0.1858104238279213,0.1785509397585427,0.16620525121022942,0.15140807698672895,0.12339716962348353,0.09465347541231474,0.06857465797527394,0.04420855619350851,0.025815671189083417,0.014939241621063857,0.0061583568364109624,0.0034689368276479234,0.0018372463429173823,0.0022965815147175943,0.003623244898706706,0.00800144342012765,0.18999999999999995,36,20,2.4917091740941886, 
0.0941529329259061,0.11838664446779304,0.16041937890844243,0.21908567315462207,0.31361132903615296,0.4105150074337088,0.507460963976919,0.6037983467455172,0.6754606730910151,0.730478473983631,0.7706974273338865,0.7833803855181644,0.7926546741052307,0.7649072076059228,0.7345139635378237,0.6621996891915078,0.5733789400658972,0.4757161203447512,0.37121831010519174,0.2797478366643365,0.2373837586568866,0.1989281482939235,0.18959422489440275,0.18417061395736406,0.1744061808409844,0.15971681337356583,0.1397104832928006,0.11088146016756607,0.08139224176122496,0.05703729322789499,0.033351658878993655,0.019350787124081746,0.00962692444294189,0.004347658310522488,0.0027281636660133547,0.001659196338301056,0.0029370550272818027,0.004799685449980578,0.012080032703155339,0.022308327387471967,0.020854683733531162,0.18999999999999995,36,21,2.491709174094188, 
0.09415293292590608,0.09107381307377581,0.09832494035673299,0.11185487762857546,0.15091403734959302,0.1918200629576186,0.2727042863396151,0.3659871682022366,0.46261048496236895,0.5598812905325544,0.6445091734400654,0.702514444489652,0.7571037169426073,0.7753344850236469,0.7897423645027976,0.7741750873749866,0.7471582226299989,0.6936154656635213,0.6090363101527512,0.5178258262632599,0.412511924938794,0.30787486149598386,0.25484397553939,0.2118860027183928,0.1918919640018522,0.1858104238279213,0.1785509397585427,0.16620525121022942,0.15140807698672898,0.12339716962348353,0.09465347541231472,0.06857465797527396,0.04420855619350851,0.025815671189083417,0.014939241621063857,0.00615835683641096,0.0034689368276479234,0.0018372463429173823,0.0022965815147175947,0.0036232448987067096,0.00800144342012765,0.18999999999999995,37,13,2.4917091740941886, 
0.09415293292590608,0.10920545111334647,0.13679832437271625,0.1890461592910501,0.24579680814357432,0.34074664332229176,0.43860974561151905,0.5323342996853296,0.6215510598916116,0.6904909357187943,0.7373899686362618,0.7755028859344925,0.7842215793436795,0.7909148201513877,0.759329937412686,0.7195794561240394,0.6451516779283357,0.5476570955763853,0.44817572907285286,0.3514569689618738,0.25980667293308735,0.2258185616509319,0.1957154655111482,0.1853369138267079,0.1811593366122169,0.171988352481383,0.15559537650054356,0.13583443326590136,0.10607077211827656,0.07656401343940845,0.053906263146856974,0.03251054435143457,0.01880951660320717,0.010602156740887854,0.004640049724415873,0.0029880523895652765,0.0016354927708244077,0.0034150241247050623,0.005002355879667435,0.009115633883324106,0.012939446565501956,0.18999999999999995,37,18,2.4917091740941886, 
0.09415293292590608,0.11838664446779304,0.16041937890844243,0.2190856731546221,0.31361132903615296,0.41051500743370867,0.507460963976919,0.6037983467455172,0.6754606730910152,0.730478473983631,0.7706974273338865,0.7833803855181644,0.7926546741052307,0.7649072076059228,0.7345139635378237,0.6621996891915083,0.5733789400658972,0.4757161203447512,0.37121831010519174,0.2797478366643365,0.2373837586568866,0.1989281482939234,0.18959422489440284,0.18417061395736406,0.1744061808409844,0.15971681337356583,0.1397104832928006,0.11088146016756606,0.08139224176122496,0.05703729322789499,0.03335165887899365,0.019350787124081746,0.00962692444294189,0.004347658310522487,0.0027281636660133547,0.001659196338301056,0.0029370550272818027,0.004799685449980578,0.012080032703155339,0.022308327387471967,0.020854683733531165,0.18999999999999995,37,23,2.491709174094188, 
0.0941529329259061,0.10920545111334645,0.13679832437271625,0.18904615929105,0.24579680814357427,0.34074664332229176,0.43860974561151916,0.5323342996853296,0.6215510598916112,0.6904909357187943,0.7373899686362619,0.7755028859344921,0.7842215793436795,0.7909148201513877,0.7593299374126856,0.7195794561240394,0.6451516779283357,0.5476570955763853,0.44817572907285286,0.35145696896187373,0.25980667293308735,0.2258185616509319,0.1957154655111482,0.1853369138267079,0.1811593366122169,0.171988352481383,0.1555953765005436,0.13583443326590136,0.10607077211827655,0.07656401343940845,0.053906263146856974,0.03251054435143457,0.01880951660320717,0.010602156740887856,0.004640049724415874,0.002988052389565277,0.0016354927708244077,0.0034150241247050627,0.005002355879667436,0.009115633883324106,0.012939446565501956,0.18999999999999995,38,14,2.4917091740941886, 
0.0941529329259061,0.09107381307377581,0.09832494035673299,0.11185487762857546,0.15091403734959302,0.1918200629576186,0.2727042863396151,0.3659871682022366,0.46261048496236895,0.5598812905325544,0.6445091734400654,0.702514444489652,0.7571037169426073,0.7753344850236468,0.7897423645027976,0.7741750873749866,0.7471582226299989,0.6936154656635212,0.6090363101527512,0.5178258262632599,0.4125119249387939,0.30787486149598386,0.25484397553939,0.2118860027183928,0.1918919640018522,0.1858104238279213,0.1785509397585427,0.16620525121022947,0.15140807698672895,0.12339716962348353,0.09465347541231472,0.06857465797527396,0.04420855619350851,0.025815671189083417,0.014939241621063859,0.00615835683641096,0.0034689368276479234,0.001837246342917382,0.0022965815147175943,0.003623244898706706,0.00800144342012765,0.18999999999999995,38,15,2.4917091740941886, 
0.0941529329259061,0.11838664446779304,0.16041937890844243,0.21908567315462207,0.31361132903615296,0.41051500743370867,0.507460963976919,0.6037983467455172,0.6754606730910152,0.730478473983631,0.7706974273338866,0.7833803855181642,0.7926546741052307,0.7649072076059228,0.7345139635378237,0.6621996891915083,0.5733789400658972,0.4757161203447512,0.37121831010519174,0.27974783666433645,0.23738375865688657,0.1989281482939234,0.18959422489440284,0.18417061395736406,0.1744061808409843,0.15971681337356583,0.1397104832928006,0.11088146016756606,0.08139224176122496,0.05703729322789499,0.03335165887899365,0.019350787124081746,0.009626924442941897,0.004347658310522487,0.0027281636660133547,0.0016591963383010562,0.0029370550272818027,0.004799685449980577,0.012080032703155339,0.022308327387471967,0.020854683733531162,0.18999999999999995,38,22,2.491709174094188, 
0.0977974943879871,0.09158707207798909,0.09295487610873503,0.116734796811039,0.14333298159333704,0.20828542447813844,0.2743953899308021,0.36761162839977324,0.4679601133973215,0.5602515544401082,0.6412605870611603,0.7102786178956053,0.7469213026578351,0.7811360903283562,0.7838675618630006,0.7811976634977122,0.7511437070487966,0.701878799498275,0.6305471647891475,0.5242925763558698,0.4186358437569497,0.33420575071319764,0.25468872439850776,0.2177542271105088,0.19710019186073074,0.18488903873456822,0.1800650795412107,0.17290324729592893,0.15261016373939196,0.13194015955574478,0.10350712336358403,0.07396645107668434,0.05012865403775045,0.031787021097133224,0.017208190653220858,0.010998876620481835,0.004569564916606316,0.0034486924192804916,0.002202239369880257,0.002576867584180222,0.003402218696007431,0.18999999999999995,39,12,2.491709174094189, 
0.0977974943879871,0.09158707207798909,0.09295487610873503,0.11673479681103902,0.14333298159333702,0.20828542447813844,0.2743953899308021,0.3676116283997732,0.4679601133973215,0.5602515544401082,0.6412605870611603,0.7102786178956053,0.7469213026578352,0.7811360903283563,0.7838675618630007,0.7811976634977119,0.7511437070487966,0.701878799498275,0.6305471647891475,0.5242925763558697,0.41863584375694973,0.33420575071319764,0.254688724398508,0.21775422711050876,0.19710019186073083,0.18488903873456822,0.1800650795412107,0.17290324729592893,0.15261016373939193,0.13194015955574478,0.10350712336358402,0.07396645107668434,0.05012865403775045,0.031787021097133224,0.01720819065322087,0.01099887662048184,0.004569564916606316,0.0034486924192804933,0.002202239369880257,0.002576867584180222,0.003402218696007431,0.18999999999999995,39,17,2.491709174094189, 
0.0977974943879871,0.09158707207798908,0.09295487610873503,0.11673479681103902,0.14333298159333702,0.20828542447813841,0.2743953899308021,0.36761162839977324,0.4679601133973215,0.5602515544401082,0.6412605870611603,0.7102786178956054,0.7469213026578351,0.7811360903283562,0.7838675618630006,0.7811976634977119,0.7511437070487966,0.701878799498275,0.6305471647891475,0.5242925763558698,0.41863584375694973,0.33420575071319764,0.25468872439850776,0.2177542271105088,0.19710019186073083,0.18488903873456822,0.1800650795412107,0.17290324729592893,0.15261016373939193,0.13194015955574476,0.10350712336358402,0.07396645107668434,0.05012865403775045,0.031787021097133224,0.01720819065322087,0.01099887662048184,0.004569564916606316,0.0034486924192804933,0.002202239369880257,0.002576867584180222,0.003402218696007431,0.18999999999999995,39,19,2.491709174094189, 
0.18343370395596018,0.10569010430782667,0.05820065638285719,0.06290416360866859,0.07900332530944812,0.11450314752977771,0.15893376667095255,0.21145267208407595,0.255789993855509,0.2938515364203073,0.298902572855713,0.29287844034576793,0.2459087882126498,0.19704494659811103,0.14712522086499133,0.10663470312559345,0.0817143120924595,0.06872160709793892,0.0660727538379999,0.08378966790039774,0.11235274278614123,0.19364268725086592,0.28916481498919844,0.4165840297181613,0.532232397489415,0.615158788482441,0.6780963247952966,0.71505563385283,0.7333586772104307,0.7382727457956693,0.7197427247093238,0.6929945999603289,0.6284805939828291,0.5542457123763133,0.44577298653050706,0.33815880382896435,0.24245062192350858,0.185640633043004,0.1583113792374307,0.16607934752479883,0.1928977026919519,0.8300000000000001,40,60,3.10349080827042, 
0.18343370395596018,0.28734859483044073,0.22178470042552775,0.1430530366555201,0.08918761016732184,0.0612205065994801,0.0660536253775468,0.08676632980155499,0.11942552811371535,0.16600051758957585,0.2180481900613063,0.26247908524468494,0.3003019043972848,0.30319628283681055,0.2921138928848349,0.24909080888697196,0.20098930746894395,0.14855940562056216,0.11046890888155736,0.0820832626021215,0.07037280550136824,0.06414954385525852,0.08202696959089385,0.1109662467987382,0.18649947440844544,0.281496003969341,0.4067722178378052,0.5174550791023689,0.6101900758897532,0.6710738698138242,0.7138848350375361,0.7297585307446107,0.7387608913576796,0.7216682711859728,0.6949444811003145,0.6391436135425305,0.5659770351845462,0.47227950179146666,0.3791150394245665,0.28718057781668443,0.23127426331952647,0.8300000000000001,40,64,3.103490808270421, 
0.18343370395596018,0.13394587977285835,0.0993997490799466,0.06041762751131793,0.06324011941068927,0.0750713311333172,0.10290943855508482,0.1437734168538239,0.19470838354533967,0.2415794038646428,0.28625104485853875,0.29895031323981275,0.3035006755446159,0.2476250518907532,0.19939770347782698,0.1480818607931016,0.10807474032408414,0.08175074550145298,0.06884360911290421,0.06464361110937798,0.0818124047200933,0.10740127248063257,0.18835780413301664,0.28211308926505524,0.409229050723784,0.5250423068033276,0.6138016010800554,0.6754791421158164,0.7142865524615314,0.7320537046300378,0.7389187973113793,0.7209362573111264,0.6947411311926286,0.6308731832042599,0.5572501147072978,0.45306336408078146,0.35006331353620007,0.25341635086368924,0.186914157988261,0.14490661716660955,0.15520954143553162,0.8300000000000001,40,65,3.1034908082704216, 
0.18343370395596015,0.28734859483044073,0.22178470042552775,0.14305303665552022,0.08918761016732182,0.0612205065994801,0.0660536253775468,0.08676632980155499,0.11942552811371536,0.16600051758957585,0.21804819006130632,0.26247908524468494,0.3003019043972848,0.30319628283681055,0.2921138928848349,0.24909080888697194,0.20098930746894392,0.14855940562056216,0.11046890888155737,0.08208326260212148,0.07037280550136824,0.06414954385525852,0.08202696959089385,0.1109662467987382,0.18649947440844544,0.281496003969341,0.4067722178378051,0.5174550791023689,0.6101900758897533,0.6710738698138241,0.713884835037536,0.7297585307446111,0.7387608913576795,0.7216682711859728,0.6949444811003145,0.6391436135425305,0.565977035184546,0.47227950179146666,0.3791150394245664,0.28718057781668443,0.23127426331952652,0.8300000000000001,41,57,3.103490808270421, 
0.18343370395596015,0.10569010430782667,0.05820065638285717,0.0629041636086686,0.07900332530944812,0.11450314752977771,0.15893376667095255,0.21145267208407595,0.255789993855509,0.2938515364203073,0.298902572855713,0.29287844034576793,0.2459087882126498,0.19704494659811103,0.14712522086499133,0.10663470312559345,0.0817143120924595,0.06872160709793887,0.0660727538379999,0.08378966790039774,0.11235274278614123,0.19364268725086595,0.28916481498919844,0.41658402971816105,0.5322323974894145,0.615158788482441,0.6780963247952966,0.7150556338528303,0.7333586772104307,0.7382727457956693,0.7197427247093239,0.6929945999603289,0.628480593982829,0.5542457123763133,0.44577298653050706,0.33815880382896435,0.24245062192350858,0.18564063304300402,0.15831137923743072,0.16607934752479883,0.19289770269195192,0.8300000000000001,41,62,3.10349080827042, 
0.18343370395596015,0.13394587977285835,0.0993997490799466,0.06041762751131793,0.06324011941068922,0.0750713311333172,0.10290943855508483,0.1437734168538239,0.19470838354533967,0.2415794038646428,0.28625104485853875,0.29895031323981275,0.30350067554461585,0.2476250518907532,0.19939770347782698,0.1480818607931016,0.10807474032408414,0.08175074550145298,0.06884360911290421,0.06464361110937798,0.0818124047200933,0.10740127248063257,0.18835780413301664,0.28211308926505524,0.409229050723784,0.5250423068033276,0.6138016010800554,0.6754791421158164,0.7142865524615314,0.7320537046300378,0.7389187973113793,0.7209362573111264,0.6947411311926286,0.63087318320426,0.5572501147072978,0.45306336408078146,0.35006331353620007,0.25341635086368924,0.186914157988261,0.14490661716660955,0.15520954143553162,0.8300000000000001,41,67,3.1034908082704216, 
0.18343370395596018,0.10569010430782667,0.05820065638285719,0.06290416360866859,0.07900332530944812,0.11450314752977771,0.15893376667095252,0.21145267208407595,0.255789993855509,0.2938515364203073,0.298902572855713,0.29287844034576793,0.2459087882126498,0.19704494659811103,0.14712522086499133,0.10663470312559345,0.0817143120924595,0.06872160709793887,0.0660727538379999,0.08378966790039774,0.11235274278614123,0.19364268725086584,0.28916481498919844,0.41658402971816094,0.532232397489415,0.6151587884824405,0.6780963247952967,0.71505563385283,0.7333586772104307,0.7382727457956693,0.7197427247093239,0.6929945999603289,0.6284805939828291,0.5542457123763133,0.44577298653050706,0.33815880382896435,0.2424506219235086,0.18564063304300402,0.1583113792374307,0.16607934752479883,0.1928977026919519,0.8300000000000001,42,58,3.10349080827042, 
0.18343370395596018,0.28734859483044073,0.22178470042552775,0.14305303665552022,0.08918761016732184,0.061220506599480105,0.0660536253775468,0.08676632980155499,0.11942552811371535,0.16600051758957585,0.21804819006130632,0.26247908524468494,0.3003019043972849,0.30319628283681055,0.2921138928848349,0.24909080888697194,0.20098930746894392,0.14855940562056216,0.11046890888155736,0.0820832626021215,0.07037280550136824,0.06414954385525852,0.08202696959089383,0.1109662467987382,0.18649947440844541,0.28149600396934094,0.4067722178378052,0.5174550791023689,0.6101900758897533,0.6710738698138242,0.713884835037536,0.7297585307446107,0.7387608913576796,0.7216682711859728,0.6949444811003146,0.6391436135425302,0.5659770351845461,0.47227950179146666,0.3791150394245664,0.28718057781668443,0.23127426331952652,0.8300000000000001,42,59,3.103490808270421, 
0.18343370395596018,0.13394587977285835,0.09939974907994656,0.06041762751131793,0.06324011941068927,0.0750713311333172,0.10290943855508482,0.1437734168538239,0.19470838354533967,0.2415794038646428,0.28625104485853875,0.29895031323981275,0.30350067554461585,0.2476250518907532,0.19939770347782698,0.1480818607931016,0.10807474032408414,0.08175074550145298,0.06884360911290421,0.06464361110937798,0.0818124047200933,0.10740127248063257,0.18835780413301664,0.2821130892650552,0.40922905072378407,0.5250423068033276,0.6138016010800554,0.6754791421158164,0.7142865524615315,0.7320537046300377,0.7389187973113793,0.7209362573111265,0.6947411311926286,0.63087318320426,0.5572501147072978,0.45306336408078146,0.3500633135362,0.25341635086368924,0.186914157988261,0.14490661716660955,0.15520954143553162,0.8300000000000001,42,66,3.1034908082704216, 
0.9197970499588931,0.5541104745589358,0.24785971671876514,0.12760868390662797,0.06113867850597495,0.062211765701231894,0.07817764541174665,0.11092844491467878,0.15786271236697622,0.21084590464580488,0.2554002742958468,0.2957203539714363,0.2977606587622556,0.2646276497649164,0.212349586477287,0.1625189925227,0.1187180272772106,0.08841878397870576,0.06966941843722527,0.06541278971388365,0.06819797212988399,0.10064593086767369,0.14407593047917475,0.24711447535106892,0.3580454954666115,0.4806240500691043,0.5827990946892363,0.6533341748990686,0.699400758705559,0.728878986197456,0.7362953812961706,0.7364329131323843,0.7068844124403332,0.6699552056406084,0.5978811457381747,0.516875894933407,0.4127146430579787,0.31910168528630084,0.23561923583588304,0.18866662522213498,0.1739155261058873,0.8300000000000001,43,56,3.1034908082704207, 
0.9197970499588931,0.5541104745589357,0.2478597167187652,0.12760868390662794,0.06113867850597495,0.062211765701231894,0.07817764541174667,0.11092844491467878,0.15786271236697622,0.21084590464580488,0.2554002742958468,0.29572035397143626,0.2977606587622556,0.2646276497649164,0.212349586477287,0.1625189925227,0.1187180272772106,0.08841878397870577,0.06966941843722527,0.06541278971388365,0.068197972129884,0.10064593086767369,0.14407593047917472,0.24711447535106892,0.35804549546661146,0.4806240500691043,0.5827990946892363,0.6533341748990686,0.6994007587055588,0.728878986197456,0.736295381296171,0.7364329131323845,0.7068844124403332,0.6699552056406084,0.5978811457381747,0.516875894933407,0.4127146430579787,0.31910168528630084,0.235619235835883,0.188666625222135,0.1739155261058873,0.8300000000000001,43,61,3.1034908082704207, 
0.9197970499588931,0.5541104745589357,0.24785971671876514,0.12760868390662797,0.06113867850597497,0.062211765701231894,0.07817764541174665,0.11092844491467879,0.15786271236697624,0.21084590464580488,0.2554002742958468,0.29572035397143626,0.2977606587622556,0.2646276497649164,0.212349586477287,0.1625189925227,0.1187180272772106,0.08841878397870576,0.06966941843722527,0.06541278971388365,0.06819797212988399,0.10064593086767369,0.14407593047917475,0.24711447535106892,0.3580454954666115,0.4806240500691044,0.5827990946892359,0.6533341748990686,0.699400758705559,0.728878986197456,0.736295381296171,0.7364329131323843,0.7068844124403332,0.6699552056406084,0.5978811457381747,0.516875894933407,0.4127146430579787,0.31910168528630095,0.235619235835883,0.188666625222135,0.1739155261058873,0.8300000000000001,43,63,3.1034908082704207, 
0.229403093659549,0.24654158858524147,0.2890619019480028,0.36132424126595464,0.4468960411173376,0.53292620364026,0.6173692924117908,0.669613975559302,0.7157970118685302,0.7330411076282388,0.7423547449849187,0.731190445551846,0.704714358993457,0.656709821785441,0.5755285998386458,0.46835357445898956,0.3444463344591507,0.2141343325662549,0.14060208290159773,0.07735673834806943,0.06300446968726592,0.052345320840659695,0.06050419604884385,0.07489144018487548,0.10348820158661878,0.1349530462044885,0.1699000120632649,0.19003296641853049,0.2002643533343594,0.18601103194257937,0.16350603488462154,0.12606631880279645,0.08724817291320372,0.05660346492979063,0.029290172696720844,0.016517658399253708,0.006985193102228408,0.0039714992107209015,0.002584502361837341,0.0028381375473689606,0.0031582504532698366,1.1600000000000001,44,0,2.953114243916241, 
0.16330049472549074,0.14859704746679744,0.16496049636323268,0.20213333659878321,0.2796732374382307,0.37078277833781303,0.4725249447795009,0.5736384857076179,0.6390851640067192,0.6967117749447572,0.7222119985559237,0.7371754791830976,0.7318166520652732,0.7090240709479902,0.6678703855780269,0.5897418415576946,0.4901865403004733,0.36346250881211056,0.22922738232200987,0.15208219650733074,0.08367185955528035,0.06574874175290579,0.053567794211153416,0.06017463944080957,0.07489181854139246,0.10299489626630622,0.13530736286384729,0.1713164947033919,0.19052253139175765,0.20130001626992874,0.18425684320981978,0.16084852137178338,0.12117330558682894,0.08194829901045929,0.05130706932223372,0.025644031548662797,0.013699069233620157,0.005767075711007043,0.0034410131782932887,0.005417208441379889,0.01117321274109916,1.1600000000000001,45,1,2.953114243916241, 
0.21281325455730782,0.2742662522499223,0.36083704164016084,0.4551551677606013,0.5541988634235901,0.624178124983617,0.688603506960007,0.7152388656167828,0.7375248156825719,0.7326382684991178,0.7183385423769829,0.6781902926554536,0.6143996666731741,0.5170606428449939,0.39901477161144255,0.2649899873611119,0.17274317462113262,0.09789206345560449,0.07089602230887147,0.0521158361088989,0.057595239750456,0.06641696898271346,0.09294179644186953,0.1225414099968274,0.15872939967809058,0.1847258022905421,0.19787282161087635,0.19071694700470404,0.16958463952978658,0.13462317861319945,0.0947478848413781,0.0620482934347801,0.03149574210591282,0.018434162548226628,0.007407584860591172,0.004469928302459457,0.0028855160212144936,0.004037215115897332,0.0059199514421428906,0.008668984056226205,0.007656784847276929,1.1600000000000001,46,2,2.9531142439162403, 
0.16330049472549074,0.14859704746679744,0.16496049636323268,0.2021333365987831,0.2796732374382307,0.37078277833781303,0.4725249447795009,0.5736384857076179,0.6390851640067192,0.6967117749447571,0.7222119985559237,0.7371754791830979,0.7318166520652732,0.7090240709479902,0.6678703855780269,0.5897418415576946,0.4901865403004733,0.36346250881211056,0.22922738232200984,0.15208219650733085,0.08367185955528035,0.06574874175290579,0.053567794211153416,0.06017463944080957,0.07489181854139246,0.10299489626630622,0.13530736286384729,0.1713164947033919,0.19052253139175765,0.20130001626992874,0.18425684320981978,0.16084852137178338,0.12117330558682894,0.08194829901045929,0.05130706932223372,0.025644031548662793,0.013699069233620157,0.005767075711007043,0.0034410131782932887,0.00541720844137989,0.01117321274109916,1.1600000000000001,47,3,2.953114243916241, 
0.21281325455730782,0.2742662522499223,0.36083704164016084,0.4551551677606013,0.5541988634235901,0.624178124983617,0.688603506960007,0.7152388656167828,0.7375248156825721,0.7326382684991178,0.7183385423769829,0.6781902926554537,0.614399666673174,0.5170606428449939,0.3990147716114426,0.2649899873611119,0.1727431746211326,0.09789206345560449,0.07089602230887147,0.0521158361088989,0.05759523975045601,0.06641696898271346,0.09294179644186953,0.1225414099968274,0.15872939967809058,0.1847258022905421,0.19787282161087633,0.19071694700470404,0.16958463952978658,0.13462317861319947,0.0947478848413781,0.0620482934347801,0.03149574210591281,0.018434162548226628,0.007407584860591172,0.004469928302459457,0.0028855160212144927,0.004037215115897335,0.0059199514421428906,0.008668984056226205,0.007656784847276928,1.1600000000000001,48,4,2.9531142439162403, 
0.229403093659549,0.24654158858524147,0.2890619019480028,0.36132424126595464,0.4468960411173376,0.53292620364026,0.6173692924117908,0.669613975559302,0.7157970118685302,0.7330411076282388,0.7423547449849187,0.7311904455518461,0.704714358993457,0.656709821785441,0.5755285998386458,0.46835357445898956,0.3444463344591507,0.21413433256625494,0.14060208290159773,0.07735673834806943,0.06300446968726592,0.052345320840659716,0.060504196048843904,0.07489144018487548,0.1034882015866188,0.1349530462044885,0.1699000120632649,0.19003296641853046,0.2002643533343594,0.1860110319425794,0.16350603488462154,0.12606631880279645,0.08724817291320372,0.056603464929790626,0.02929017269672084,0.016517658399253708,0.006985193102228408,0.0039714992107209015,0.002584502361837341,0.002838137547368961,0.0031582504532698366,1.1600000000000001,49,5,2.953114243916241, 
0.21281325455730782,0.2742662522499223,0.36083704164016084,0.45515516776060133,0.5541988634235901,0.624178124983617,0.688603506960007,0.7152388656167828,0.7375248156825719,0.7326382684991177,0.7183385423769832,0.6781902926554536,0.614399666673174,0.5170606428449938,0.39901477161144255,0.2649899873611119,0.1727431746211326,0.0978920634556045,0.07089602230887147,0.0521158361088989,0.05759523975045601,0.06641696898271346,0.09294179644186953,0.1225414099968274,0.15872939967809058,0.1847258022905421,0.19787282161087635,0.19071694700470404,0.16958463952978658,0.13462317861319945,0.0947478848413781,0.06204829343478006,0.03149574210591282,0.01843416254822663,0.007407584860591172,0.004469928302459457,0.002885516021214493,0.004037215115897332,0.0059199514421428906,0.008668984056226198,0.007656784847276929,1.1600000000000001,50,6,2.9531142439162403, 
0.229403093659549,0.24654158858524147,0.2890619019480028,0.36132424126595464,0.44689604111733755,0.53292620364026,0.6173692924117907,0.669613975559302,0.7157970118685302,0.7330411076282388,0.7423547449849187,0.731190445551846,0.7047143589934571,0.656709821785441,0.5755285998386458,0.46835357445898945,0.3444463344591507,0.21413433256625494,0.14060208290159773,0.07735673834806943,0.06300446968726592,0.052345320840659716,0.06050419604884385,0.07489144018487548,0.1034882015866188,0.1349530462044885,0.1699000120632649,0.19003296641853046,0.2002643533343594,0.1860110319425794,0.16350603488462154,0.12606631880279645,0.08724817291320372,0.05660346492979063,0.02929017269672084,0.016517658399253708,0.006985193102228408,0.0039714992107209015,0.002584502361837341,0.002838137547368961,0.0031582504532698375,1.1600000000000001,51,7,2.953114243916241, 
0.16330049472549074,0.14859704746679747,0.16496049636323268,0.20213333659878327,0.27967323743823064,0.37078277833781303,0.47252494477950097,0.5736384857076179,0.6390851640067192,0.6967117749447572,0.7222119985559237,0.7371754791830979,0.7318166520652732,0.7090240709479902,0.6678703855780269,0.5897418415576945,0.4901865403004733,0.36346250881211073,0.22922738232200984,0.15208219650733085,0.08367185955528035,0.06574874175290579,0.053567794211153416,0.060174639440809564,0.07489181854139246,0.10299489626630622,0.13530736286384729,0.1713164947033919,0.19052253139175765,0.20130001626992877,0.18425684320981978,0.16084852137178338,0.12117330558682894,0.08194829901045929,0.05130706932223372,0.025644031548662793,0.013699069233620157,0.005767075711007043,0.0034410131782932887,0.00541720844137989,0.01117321274109916,1.1600000000000001,52,8,2.953114243916241, 
0.15785469073305852,0.19575556224483084,0.26643165656088474,0.35886564147657024,0.4597313349356905,0.5631233126561926,0.6325108998189312,0.6959312849964967,0.7214294109104429,0.7405025862451021,0.7344137255602405,0.7156507066754466,0.6726776209481719,0.600598613957472,0.49795824060378563,0.37507886872981894,0.24105517060805906,0.15694788563001366,0.08715443859876792,0.0669003826366528,0.052393803954043784,0.05980489303280847,0.07220828574586112,0.10118028450888493,0.1327901396812119,0.1685534565791529,0.1905089614791528,0.19973573293838673,0.18599910937275463,0.16087927821624268,0.12280765909981152,0.08201777220386276,0.05237853595390592,0.02514971228183543,0.01425677020052273,0.005636844502688462,0.003614198647645609,0.004222227095415047,0.00835370847099923,0.013963949012465648,0.02026548790344265,1.1600000000000001,53,9,2.9531142439162408, 
0.15785469073305863,0.19575556224483084,0.26643165656088474,0.35886564147657024,0.4597313349356905,0.5631233126561928,0.6325108998189312,0.6959312849964967,0.7214294109104433,0.7405025862451021,0.7344137255602404,0.7156507066754466,0.672677620948172,0.600598613957472,0.49795824060378563,0.37507886872981894,0.24105517060805906,0.1569478856300137,0.08715443859876791,0.0669003826366528,0.052393803954043784,0.05980489303280847,0.07220828574586112,0.10118028450888494,0.13279013968121187,0.1685534565791529,0.19050896147915283,0.19973573293838673,0.18599910937275463,0.16087927821624273,0.12280765909981152,0.08201777220386276,0.05237853595390592,0.02514971228183543,0.014256770200522734,0.005636844502688463,0.0036141986476456085,0.004222227095415047,0.00835370847099923,0.013963949012465648,0.02026548790344265,1.1600000000000001,54,10,2.9531142439162408, 
0.15785469073305852,0.19575556224483087,0.26643165656088474,0.35886564147657035,0.4597313349356905,0.5631233126561926,0.6325108998189314,0.6959312849964968,0.721429410910443,0.7405025862451021,0.7344137255602405,0.715650706675447,0.672677620948172,0.600598613957472,0.49795824060378563,0.37507886872981894,0.24105517060805906,0.15694788563001366,0.08715443859876792,0.0669003826366528,0.052393803954043784,0.05980489303280847,0.07220828574586112,0.10118028450888493,0.13279013968121187,0.1685534565791529,0.19050896147915283,0.19973573293838673,0.18599910937275466,0.16087927821624268,0.12280765909981152,0.08201777220386273,0.05237853595390592,0.02514971228183543,0.01425677020052273,0.005636844502688463,0.0036141986476456085,0.004222227095415047,0.00835370847099923,0.013963949012465652,0.02026548790344265,1.1600000000000001,55,11,2.9531142439162403, 
0.17391552610588695,0.17628457742156242,0.2101821275260009,0.27532264066963646,0.545338477465009,0.6286640183268803,0.6753541054085096,0.7159627311228197,0.7240673254658033,0.7267364964585734,0.7053583982400047,0.6698450407637939,0.6067444799930894,0.5155724140432928,0.39553009613093965,0.27950469932385597,0.1663504900164345,0.10847027080799945,0.06477410938712745,0.05647931938447578,0.05226902440146853,0.06534019874563426,0.08385279125209492,0.11624696294842592,0.14842779464995814,0.17931755056994184,0.19339626933669113,0.194239154160528,0.17299311161395153,0.14267746143650942,0.1040231083122609,0.06486424983953722,0.040141569225967164,0.018976056957372176,0.010451383610306553,0.004547313868623192,0.0029956689050338416,0.0031509517552075644,0.005414960104776994,0.00534591870858168,0.0031582504532698366,1.1600000000000001,56,0,2.984556294624455, 
0.23127426331952652,0.19493997902197746,0.18857399104594816,0.20515775247754645,0.4052086210054232,0.5033394822119208,0.5819099892952729,0.655706046537687,0.6920133929252266,0.7220195754154676,0.7263259183493068,0.7197355276018184,0.692900281874241,0.6433672002672706,0.5704531394266096,0.46259430294942155,0.3359493984393124,0.2281488926468574,0.1265083846473771,0.08836536348934163,0.05753012448350684,0.0544136326720084,0.05680112420729721,0.07334514146565609,0.0975736115263824,0.13174721246611082,0.1615671085177715,0.18785760800133205,0.19099966564196053,0.18529431139141467,0.1553541812198332,0.12182172732164863,0.0843506969777624,0.050079061772037595,0.02892416519113077,0.013117340316667689,0.006802105290140025,0.0034411492468731943,0.0028788521451777347,0.0061910534276563714,0.011173212741099139,1.1600000000000001,57,1,2.9845562946244546, 
0.1928977026919519,0.17801135013378924,0.1908208792866808,0.24030677514273954,0.3111649007382202,0.4063495713924209,0.5067941961003763,0.5859190484382886,0.6588804674985929,0.6964424356296537,0.7253976387673247,0.7302827556589631,0.7219355500576403,0.6956642956950645,0.6432449202568986,0.5707910957149045,0.4584265864176424,0.33086580006946453,0.2234323659090031,0.12261629134440641,0.08656632328696653,0.057556146721708064,0.05442094499260194,0.05836652253885003,0.07531897154247004,0.10150201310849215,0.1367416005914966,0.16706714647742588,0.19432303491886999,0.19534774763827054,0.18952789600352574,0.1567626160027617,0.12228544049696535,0.08400309858979393,0.05022875409170013,0.028494267713900283,0.01333078796928495,0.006773727025828719,0.0037353441633429245,0.0031774650607919543,0.007656784847276929,1.1600000000000001,58,2,2.9845562946244555, 
0.23127426331952652,0.19493997902197743,0.18857399104594816,0.20515775247754656,0.4052086210054232,0.5033394822119208,0.5819099892952729,0.655706046537687,0.6920133929252266,0.7220195754154677,0.7263259183493068,0.7197355276018185,0.692900281874241,0.6433672002672706,0.5704531394266096,0.46259430294942155,0.3359493984393124,0.2281488926468574,0.1265083846473771,0.08836536348934163,0.05753012448350684,0.054413632672008404,0.05680112420729721,0.07334514146565609,0.0975736115263824,0.13174721246611082,0.16156710851777162,0.18785760800133205,0.19099966564196064,0.18529431139141467,0.1553541812198332,0.12182172732164863,0.0843506969777624,0.05007906177203759,0.02892416519113077,0.013117340316667689,0.006802105290140025,0.0034411492468731943,0.002878852145177735,0.0061910534276563714,0.011173212741099139,1.1600000000000001,59,3,2.984556294624455, 
0.1928977026919519,0.17801135013378924,0.19082087928668082,0.24030677514273954,0.3111649007382203,0.4063495713924209,0.5067941961003763,0.5859190484382886,0.6588804674985927,0.6964424356296537,0.7253976387673247,0.7302827556589631,0.7219355500576403,0.6956642956950644,0.6432449202568986,0.5707910957149044,0.4584265864176424,0.33086580006946453,0.2234323659090031,0.12261629134440641,0.08656632328696653,0.057556146721708064,0.05442094499260194,0.05836652253885003,0.07531897154247005,0.10150201310849215,0.1367416005914967,0.16706714647742585,0.19432303491886999,0.19534774763827062,0.18952789600352574,0.15676261600276173,0.12228544049696534,0.08400309858979395,0.05022875409170013,0.028494267713900283,0.01333078796928495,0.006773727025828717,0.0037353441633429245,0.0031774650607919543,0.007656784847276928,1.1600000000000001,60,4,2.9845562946244555, 
0.17391552610588704,0.17628457742156242,0.21018212752600093,0.27532264066963646,0.545338477465009,0.6286640183268803,0.6753541054085097,0.71596273112282,0.7240673254658033,0.7267364964585734,0.7053583982400047,0.6698450407637939,0.6067444799930894,0.5155724140432928,0.39553009613093965,0.27950469932385597,0.1663504900164345,0.10847027080799945,0.06477410938712745,0.05647931938447578,0.05226902440146853,0.06534019874563426,0.08385279125209491,0.1162469629484258,0.14842779464995814,0.17931755056994184,0.19339626933669113,0.194239154160528,0.17299311161395153,0.14267746143650942,0.1040231083122609,0.06486424983953722,0.040141569225967164,0.018976056957372176,0.010451383610306553,0.004547313868623192,0.0029956689050338416,0.0031509517552075644,0.005414960104776994,0.00534591870858168,0.0031582504532698366,1.1600000000000001,61,5,2.9845562946244546, 
0.19289770269195192,0.17801135013378924,0.19082087928668076,0.24030677514273932,0.3111649007382203,0.4063495713924209,0.5067941961003763,0.5859190484382886,0.6588804674985929,0.6964424356296537,0.7253976387673247,0.7302827556589631,0.7219355500576404,0.6956642956950645,0.6432449202568985,0.5707910957149045,0.4584265864176424,0.33086580006946453,0.22343236590900326,0.12261629134440641,0.08656632328696655,0.057556146721708064,0.05442094499260194,0.05836652253885003,0.07531897154247004,0.10150201310849212,0.1367416005914967,0.16706714647742588,0.19432303491886999,0.19534774763827054,0.18952789600352574,0.15676261600276173,0.12228544049696535,0.08400309858979393,0.05022875409170012,0.028494267713900283,0.01333078796928495,0.006773727025828719,0.003735344163342925,0.0031774650607919543,0.007656784847276929,1.1600000000000001,62,6,2.984556294624456, 
0.17391552610588695,0.17628457742156242,0.2101821275260009,0.2753226406696365,0.5453384774650089,0.6286640183268802,0.6753541054085096,0.71596273112282,0.7240673254658033,0.7267364964585734,0.7053583982400047,0.669845040763794,0.6067444799930894,0.5155724140432928,0.39553009613093965,0.27950469932385597,0.1663504900164345,0.10847027080799945,0.06477410938712745,0.056479319384475736,0.05226902440146853,0.06534019874563426,0.08385279125209491,0.11624696294842589,0.14842779464995814,0.17931755056994184,0.19339626933669113,0.194239154160528,0.17299311161395153,0.14267746143650942,0.1040231083122609,0.06486424983953722,0.04014156922596717,0.018976056957372176,0.010451383610306553,0.004547313868623192,0.0029956689050338416,0.0031509517552075644,0.005414960104776993,0.005345918708581679,0.0031582504532698375,1.1600000000000001,63,7,2.9845562946244546, 
0.23127426331952647,0.19493997902197746,0.18857399104594816,0.20515775247754656,0.4052086210054232,0.5033394822119208,0.5819099892952729,0.655706046537687,0.6920133929252267,0.7220195754154676,0.7263259183493067,0.7197355276018184,0.6929002818742411,0.6433672002672706,0.5704531394266096,0.46259430294942155,0.3359493984393124,0.2281488926468574,0.1265083846473771,0.08836536348934163,0.05753012448350684,0.0544136326720084,0.05680112420729721,0.07334514146565609,0.09757361152638246,0.13174721246611082,0.1615671085177715,0.18785760800133205,0.1909996656419606,0.18529431139141467,0.1553541812198333,0.12182172732164863,0.0843506969777624,0.05007906177203759,0.028924165191130773,0.013117340316667689,0.006802105290140025,0.0034411492468731943,0.002878852145177735,0.0061910534276563714,0.011173212741099139,1.1600000000000001,64,8,2.9845562946244546, 
0.1552095414355317,0.19466398923677541,0.26284910970175435,0.36062755996707196,0.4696725036592956,0.5598631138354637,0.6434614575594118,0.6861001701651122,0.7219981174054276,0.7281746411808532,0.7258004594191635,0.7008247349042503,0.6565935792625883,0.5855006781883886,0.4821484556912237,0.3546813529642433,0.24279471678685877,0.13779349252571696,0.0929698703451657,0.05847718879015575,0.05520356006775077,0.05612666929632081,0.07316648739340234,0.09666725822116955,0.1318660204777675,0.16289392386876364,0.1892449693586227,0.19388797402597172,0.18659195231692077,0.15675498044659403,0.12116192525284482,0.08292122955286571,0.047532656465657845,0.027665822875731598,0.011818364396262295,0.0063546842647428875,0.0032154802969661532,0.0031289561512778817,0.010324637826895718,0.024517188086104386,0.020265487903442684,1.1600000000000001,65,9,2.984556294624455, 
0.1552095414355317,0.1946639892367754,0.26284910970175435,0.36062755996707196,0.4696725036592956,0.5598631138354636,0.6434614575594118,0.6861001701651122,0.7219981174054275,0.7281746411808533,0.7258004594191635,0.7008247349042503,0.6565935792625888,0.5855006781883886,0.4821484556912238,0.3546813529642433,0.24279471678685874,0.13779349252571693,0.0929698703451657,0.05847718879015575,0.05520356006775077,0.05612666929632081,0.07316648739340229,0.09666725822116955,0.1318660204777675,0.16289392386876364,0.1892449693586227,0.19388797402597172,0.18659195231692077,0.15675498044659403,0.12116192525284483,0.08292122955286566,0.047532656465657845,0.0276658228757316,0.011818364396262295,0.0063546842647428875,0.003215480296966153,0.0031289561512778813,0.010324637826895718,0.02451718808610439,0.020265487903442684,1.1600000000000001,66,10,2.9845562946244546, 
0.1552095414355317,0.19466398923677541,0.26284910970175435,0.36062755996707196,0.4696725036592956,0.5598631138354637,0.6434614575594118,0.6861001701651122,0.7219981174054275,0.7281746411808532,0.7258004594191636,0.7008247349042503,0.6565935792625883,0.5855006781883887,0.4821484556912237,0.35468135296424347,0.24279471678685877,0.13779349252571693,0.0929698703451657,0.05847718879015575,0.05520356006775077,0.05612666929632081,0.07316648739340234,0.09666725822116953,0.1318660204777675,0.16289392386876364,0.1892449693586227,0.19388797402597172,0.18659195231692077,0.156754980446594,0.12116192525284483,0.08292122955286566,0.047532656465657845,0.0276658228757316,0.011818364396262295,0.006354684264742884,0.0032154802969661532,0.0031289561512778813,0.010324637826895718,0.024517188086104386,0.02026548790344268,1.1600000000000001,67,11,2.9845562946244546, 
